,IWNorm1,ReturnAbsMax,ReturnMin,LQGmu01,IWMean,DenMISELogFirst,Iteration,LQGmu1,ReturnLastEpisode,IWMax,TimeElapsed,Bound,MISE,DenMISEMeanLog,URet,IWFirstEpisode,LQGsigma,ReturnStepMax,ReturnMax,IWNorm2,SqrtESSClassic,TimestepsSoFar,IWLastEpisode,IWMin,ReturnMean,DenMISELogLast,target_sum_log_mean
0,0.32188034,15.807039999999999,,-0.011,0.32188034,13.511501,1,-0.114,15.807039999999999,0.32188034,1.240381956100464,36.702057,5.0879755,13.511501,17.497854397219367,0.32188034,0.11,0.99233466,15.807039999999999,0.32188034,1.0,20,0.32188034,,15.807039999999999,13.511501,12.377925999999999
1,1.7780797,15.807039999999999,,-0.011,0.8890399,13.097408999999999,2,-0.107,15.745648000000001,0.9495534,30.93656277656555,36.433914,14.027657000000001,16.864515,17.438968773091496,0.9495534,0.11,0.99233466,15.807039999999999,1.2602015,1.4109489,40,0.82852644,,15.776344,20.63162,16.74458
2,4.219448000000001,15.807039999999999,,-0.01,1.4064827,13.080451,3,-0.1,15.581492,1.7000549999999999,32.421798706054695,40.7636,22.121751999999997,15.883961,17.253072274993805,1.5113683,0.11,0.99233466,15.807039999999999,2.4880786,1.6958661,60,1.0080248,,15.711394,13.998667999999999,16.201183
3,5.236452,15.929610999999998,,-0.009,1.309113,13.200757000000001,4,-0.092,15.929610999999998,2.2322137000000004,34.21154928207397,38.44644,20.647785,16.026514000000002,17.639917000800082,1.6095015,0.11,0.99265176,15.929610999999998,2.925426,1.7899793000000002,80,0.77546644,,15.765947,16.170586,16.162868
4,6.674758,15.929610999999998,,-0.009,1.3349516000000001,13.315781,5,-0.089,15.214585999999999,2.2482154,36.061103343963616,36.83815,20.805626,14.683365,16.828458138659734,1.3838443,0.11,0.99265176,15.929610999999998,3.35894,1.9871621,100,2.2482154,,15.655676000000001,9.100592,14.807394
5,9.113703,15.929610999999998,,-0.008,1.5189504999999999,13.377791,6,-0.079,14.503542000000001,5.022855,37.72197437286378,41.958344,22.754381,15.211101999999999,16.11780518422188,0.8053884,0.11,0.99265176,15.929610999999998,5.493517400000001,1.6589923,120,5.022855,,15.463654,17.607960000000002,15.003007
6,9.891397,15.929610999999998,,-0.009,1.4130566999999998,13.349596,7,-0.087,15.269517,2.0822837,39.50308895111085,34.625633,21.628323,14.757501999999999,16.904956741105686,1.2873421,0.11,0.99265176,15.929610999999998,4.035302,2.451216,140,1.9885952,,15.435920000000001,11.730723,14.991023
7,8.169632,15.929610999999998,,-0.008,1.021204,13.384884,8,-0.076,15.5376835,2.835919,41.182712078094475,30.24672,15.451670000000002,14.824371,17.20582140074481,0.6070949000000001,0.11,0.99265176,15.929610999999998,3.793881,2.1533706,160,0.5017447,,15.44864,14.956754,14.38604
8,11.44512,15.929610999999998,,-0.008,1.27168,13.340245999999999,9,-0.082,15.151801999999998,2.1748307000000002,42.517120122909546,31.254257,19.398119,14.397984,16.75840985303753,1.0004026,0.11,0.99265176,15.929610999999998,4.2592034000000005,2.6871502,180,1.964839,,15.41566,11.003366999999999,14.459873000000002
9,9.214825,15.929610999999998,,-0.008,0.92148244,13.340285999999999,10,-0.077,15.529551500000002,2.1191937999999997,43.83232307434082,26.530790000000003,14.003988,14.614413,17.225257998358938,0.67785776,0.11,0.9967104999999999,15.929610999999998,3.6231983,2.5432847,200,0.05007066599999999,,15.427048000000001,16.3382,14.058136
10,0.0031344696999999998,15.929610999999998,,-0.017,0.0002849517,13.310564000000001,11,-0.165,15.391815,0.0028177337,45.03782272338867,28.749706,0.0044337926,15.152686,17.06102975181091,1.1406718000000001e-06,0.11,0.9967104999999999,15.929610999999998,0.0028281035,1.1083292,220,4.328944000000001e-09,,15.423844,20.626276,-1.7273834
11,14.975429,16.128035,,-0.016,1.2479523000000001,13.223552999999999,12,-0.156,16.128035,14.946102999999999,47.221645832061775,52.3186,20.125648,15.0492935,17.857300433269913,2.8694363e-05,0.11,0.9999145,16.128035,14.946125,1.0019605999999999,240,14.946102999999999,,15.482528,14.868793499999999,3.2502415
12,1.3e-09,16.652534,,0.061,,13.143512,13,0.543,16.652534,,49.744107246398926,9.2371645,,15.227144000000001,18.40885062150013,,0.11,0.9999145,16.652534,3.6055514e-10,3.6055512000000003,260,,,15.572527,17.510506,-697.28503
13,1.4000000000000001e-09,16.652534,,0.061,5.916018699999999e-38,13.069403999999999,14,0.543,8.648662,8.282425999999998e-37,51.067551851272576,8.901154,5.1165644e-37,13.224291000000001,9.48272704835546,,0.11,0.9999145,16.652534,3.7416575e-10,3.7416572999999995,280,8.282425999999998e-37,,15.077966,-11.849397999999999,-654.25977
14,1.5e-09,16.652534,,0.02,,13.000411,15,0.194,8.541319,,52.5593798160553,8.599332,,12.580096000000001,9.375512141390274,,0.11,0.9999145,16.652534,3.8729833e-10,3.8729835,300,,,14.64219,4.527269400000001,-234.49
15,15.938533999999999,16.652534,,0.02,0.99615836,12.935872999999999,16,0.202,8.849995,15.938533999999999,54.22657489776611,42.121063,8.815996,12.821166999999999,9.719341498375464,,0.11,0.9999145,16.652534,15.938533999999999,1.0,320,15.938533999999999,,14.280176999999998,17.40531,-226.96617
16,16.852285000000002,16.652534,,0.02,0.9913109,12.875248,17,0.194,8.846286,8.486085000000001,56.71128845214844,32.322105,8.771271,12.844775,9.715149716811359,,0.11,0.9999145,16.652534,11.916667,1.4141778,340,8.3662,,13.960536,13.501271,-204.69722
17,1.7999999e-09,16.652534,,0.004,4.9903384e-26,12.818089500000001,18,0.044,8.861692999999999,8.532556999999998e-25,59.80849623680115,7.850080499999999,7.857738999999999e-25,12.994941,9.734479800280127,3.922974e-26,0.11,0.9999145,16.652534,4.2426407000000003e-10,4.2426405,360,,,13.677267,15.714322,-132.00691
18,32.138775,16.652534,,0.005,1.6915145,12.764022,19,0.051,9.075891,32.138775,63.177823305130005,48.657066,15.351999,12.522961,9.969110511376883,1.0899306e-28,0.11,0.9999145,16.652534,32.138775,1.0,380,32.138775,,13.435089999999999,5.000522599999999,-122.46824
19,18.568295000000003,16.652534,,0.005,0.9284146999999999,12.712729,20,0.054,9.099647000000001,11.204928,66.86224389076233,32.483902,8.434937,12.567685,9.993211159494127,8.044523e-30,0.11,0.9999145,16.652534,13.407819,1.3848855,400,7.363366,,13.218318,13.401922,-114.85583500000001
20,7.481184e-05,16.652534,,0.015,3.5623683999999997e-06,12.663938499999999,21,0.145,9.0695095,7.354988e-05,70.60326266288756,32.74577,3.156781e-05,12.675899000000001,9.961738789730056,,0.11,0.9999145,16.652534,7.355543499999999e-05,1.017081,420,1.7366127999999998e-31,,13.020755,15.057689000000002,-140.40073999999998
21,32.219147,16.652534,,0.014,1.4645066,12.617419,22,0.135,8.953367,32.219147,76.45809149742126,46.417336,13.112266,12.457275,9.832023068874078,,0.11,0.9999145,16.652534,32.219147,1.0,440,32.219147,,12.835874,8.843094,-126.27873000000001
22,21.039537,16.652534,,0.014,0.9147625,12.572967,23,0.142,8.965014,12.322348,79.75470662117004,32.08808,8.194618,12.435628999999999,9.845586851431689,,0.11,0.9999145,16.652534,15.094021,1.3938988,460,8.717178,,12.667575999999999,12.035338000000001,-124.76227
23,3.8094367999999994,16.652534,,0.016,0.15872653,12.530408,24,0.161,8.939839,3.4469695,82.9778745174408,31.625147,1.4186717,12.617282000000001,9.817827291316368,,0.11,0.9999145,16.652534,3.4550195,1.1025804,480,3.4469695,,12.512253,17.023773000000002,-133.46684
24,28.255097999999997,16.652534,,0.017,1.130204,12.489586,25,0.165,8.890856,26.33962,85.9091682434082,41.140965,10.050445,12.481859,9.762295238852557,,0.11,0.9999145,16.652534,26.376337,1.0712291,500,26.33962,,12.367397,10.062204,-131.17231999999998
25,28.558621999999996,16.652534,,0.02,1.0984086000000002,12.450365,26,0.196,8.911764,9.161864999999999,89.6182541847229,28.076759999999997,9.725819,12.654719,9.789201798994226,,0.11,0.9999145,16.652534,15.73567,1.8148971999999999,520,0.023505997,,12.2344885,17.162032999999997,-152.53611999999998
26,28.632458000000003,16.652534,,0.018,1.0604613999999999,12.412624000000001,27,0.176,8.848858,18.670607,93.06037306785583,32.093887,9.4244995,12.677305,9.720570099068883,,0.11,0.9999145,16.652534,19.488934,1.469165,540,1.044188,,12.109095,13.296930999999999,-128.53642
27,19.577297,16.652534,,0.016,0.6991892,12.376257,28,0.161,8.856927,11.181097,96.588152885437,27.552754999999998,6.2314453,12.695511,9.729390257254183,,0.11,0.9999145,16.652534,12.533036,1.5620555,560,0.048769094000000006,,11.992946,13.294027999999999,-112.30493
28,0.00031427568,16.652534,,0.01,1.0836993e-05,12.341166000000001,29,0.096,8.883557000000001,0.00030892773,99.77409529685974,32.741543,9.715678e-05,12.528903999999999,9.756566168169186,,0.11,0.9999145,16.652534,0.00030895718,1.0172143,580,1.7193065e-20,,11.885725,8.229289999999999,-87.46927
29,28.199871,16.652534,,0.01,0.9399957,12.307264,30,0.095,9.014607,28.199734000000003,102.37957906723022,41.778595,8.473692,12.389697,9.902538117682733,,0.11,0.9999145,16.652534,28.199734000000003,1.0000049000000002,600,28.199734000000003,,11.790022,9.33584,-84.24619
30,48.53015,16.652534,,0.01,1.5654887,12.274474,31,0.1,8.998598,32.598774,106.12546944618224,38.994953,14.095426000000002,12.075102000000001,9.883360486371693,,0.11,0.9999145,16.652534,36.282097,1.3375784,620,32.598774,,11.699977,2.9582412000000002,-81.02261
31,32.156593,16.652534,,0.011,1.0048934999999999,12.242725,32,0.108,9.0301285,26.257896000000002,109.86923050880432,36.678032,9.0458765,12.181641,9.916731601222676,,0.11,0.9999145,16.652534,26.679302000000003,1.2053011999999999,640,1.1509612,,11.616544000000001,15.335214,-78.19934
32,55.290554,16.652534,,0.011,1.6754712999999999,12.211953999999999,33,0.111,8.985606,39.734790000000004,113.48909783363342,40.19767,15.061779000000001,12.011825,9.867265484526591,,0.11,0.9999145,16.652534,41.728706,1.3250004,660,39.734790000000004,,11.536818499999999,6.788925999999999,-75.8994
33,52.933167000000005,16.652534,,0.012,1.5568578000000002,12.1821,34,0.117,8.99503,27.087303000000002,118.28329253196716,34.39795,13.993471,12.102905999999999,9.879193102515071,,0.11,0.9999145,16.652534,32.429707,1.6322431999999998,680,16.845110000000002,,11.462059,14.892170000000002,-74.05445999999999
34,52.909317,16.652534,,0.012,1.5116948000000001,12.153113000000001,35,0.117,8.977713,17.594379999999997,123.16380524635315,30.342901,13.581406,12.093603,9.861215324925316,,0.11,0.9999145,16.652534,26.627756,1.9869987,700,17.594379999999997,,11.391078,11.523473,-71.64741500000001
35,49.29978,16.652534,,0.019,1.3694383999999997,12.124943,36,0.19,8.994525999999999,10.172886,126.80178904533386,25.435863,12.131256,12.089532,9.879321307110876,,0.11,0.9999145,16.652534,19.694128,2.5032732,720,8.095674599999999e-18,,11.324507,11.64781,-111.47635
36,1.6940302999999999,16.652534,,0.024,0.045784604000000007,12.097544000000001,37,0.234,8.824458,1.5122088,129.94978880882263,30.206861,0.40414363,11.989827,9.692447453842023,,0.11,0.9999145,16.652534,1.5158867,1.1175178,740,1.5122088,,11.256938,8.147132000000001,-147.73817
37,9.178525e-06,16.652534,,0.031,2.4144012e-07,12.070875,38,0.302,8.810282,7.665499e-06,133.69762802124023,28.339879999999997,2.1165747000000003e-06,11.968177,9.676273534652886,,0.11,0.9999145,16.652534,7.810171000000001e-06,1.1752015,760,7.665499e-06,,11.1925535,12.108869,-207.11005
38,46.352833000000004,16.652534,,0.028,1.1885341,12.0449,39,0.272,8.711943,46.33424,137.62217688560486,43.646202,10.354489,11.926897,9.567574896821146,,0.11,0.9999145,16.652534,46.334244,1.0004011,780,46.33424,,11.128947,11.3453865,-174.77742
39,51.181866,16.652534,,0.026,1.2795466,12.019582000000002,40,0.255,8.752472000000001,45.39483,142.30933117866516,40.912834000000004,11.195474,11.957232000000001,9.612375033399056,,0.11,0.9999145,16.652534,45.668423,1.1207277,800,45.39483,,11.069536,13.344218,-154.08699
40,27.268265000000003,16.652534,,0.026,0.66507965,11.994889,41,0.252,8.705063,20.95994,147.57848978042603,31.839798,5.818077,11.971958,9.561083307044248,,0.11,0.9999145,16.652534,21.30508,1.279895,820,1.7808950000000001,,11.011866,12.652801,-147.54527
41,54.42723,16.652534,,0.022,1.2958863999999999,11.970792,42,0.218,8.764933000000001,35.21825,154.77440428733826,34.14132,11.422594,11.83877,9.629122265306574,,0.11,0.9999145,16.652534,37.127003,1.4659743,840,2.6390824,,10.958366,6.8034406,-116.07291399999998
42,54.90634,16.652534,,0.022,1.2768917,11.947261,43,0.214,8.797661999999999,18.235216,159.20121574401855,27.253490000000003,11.256664,11.801256,9.664159988577234,,0.11,0.9999145,16.652534,26.372179,2.0819798,860,14.413554000000001,,10.908118,10.181472,-110.05206000000001
43,20.92615,16.652534,,0.032,0.4755943,11.924272,44,0.314,8.823541,12.749975,164.3767886161804,28.184862,4.1414247,11.81232,9.689902967753016,,0.11,0.9999145,16.652534,15.106906,1.3852042,880,1.18591e-09,,10.860742,12.152906,-187.46991
44,67.42061,16.652534,,0.03,1.4982357,11.901799,45,0.288,8.701948,21.902404999999998,167.98019456863403,31.567271999999996,13.0469265,11.76105,9.555199456402699,,0.11,0.9999145,16.652534,37.49138,1.7982963,900,21.169810000000002,,10.812768,10.06884,-162.46611000000001
45,56.31997,16.652534,,0.029,1.2243471000000001,11.87982,46,0.285,8.738157000000001,15.211846,172.92893624305725,26.731483,10.669215,11.9086485,9.596755804205918,,0.11,0.9999145,16.652534,27.161827000000002,2.073497,920,8.867053,,10.767667999999999,18.306591,-156.69717
46,45.676613,16.652534,,0.031,0.9718428,11.858314,47,0.299,8.695468,12.206206,176.91554760932922,24.12461,8.46059,11.912828,9.549751334135204,,0.11,0.9999145,16.652534,21.482597,2.1262147000000002,940,12.206206,,10.723578,12.015723,-163.17768999999998
47,52.82969,16.652534,,-0.008,1.1006185,11.83726,48,-0.082,8.6724825,7.7810183,179.68567872047424,28.04829,16.842458999999998,11.944153,9.525347390628907,4.4258823,0.11,0.9999145,16.652534,17.775091,2.9721189999999997,960,,,10.680847,13.524967000000002,-530.70795
48,30.917625,16.652534,,-0.007,0.63097197,11.90484,49,-0.073,15.058860000000001,6.753152,183.2468228340149,22.122086,9.590771,11.433983,16.719576353747758,1.8817643,0.11,0.9999145,16.652534,11.633019,2.6577473,980,2.544019e-10,,10.770194,-13.102160000000001,-486.99792
49,0.0034029572,16.652534,,-0.003,6.8059046e-05,11.922322,50,-0.025,14.288017000000002,0.0032969895,188.5008819103241,32.272125,0.0009745460000000001,11.491083999999999,15.84800665039427,4.1243642999999995e-06,0.11,0.9999145,16.652534,0.0032973165999999996,1.0320383,1000,0.0032969895,,10.840551,14.674454999999998,-310.13647000000003
50,56.504169999999995,16.652534,,-0.003,1.1079249,11.902519,51,-0.026,12.660534,56.498764,193.5734577178955,47.328976000000004,14.027095999999998,11.536567999999999,14.017927895665931,6.565477599999999e-06,0.11,0.9999145,16.652534,56.498764,1.0000957000000001,1020,56.498764,,10.876238,14.800792000000001,-306.88858
51,41.352634,16.652534,,-0.003,0.79524297,11.883101,52,-0.035,12.072903,33.396065,198.74486064910892,37.60948,9.984015,11.588329,13.357496100890081,0.0001937665,0.11,0.9999145,16.652534,34.30066,1.2055930000000001,1040,7.824453,,10.89925,14.472747,-327.02145
52,70.14632399999999,16.652534,,-0.004,1.3235155,11.864057,53,-0.04,13.744631,55.193077,202.96760892868042,44.787334,17.891071,11.626304,15.245776146778296,0.0014370591000000001,0.11,0.9999145,16.652534,56.648254,1.2382786,1060,55.193077,,10.952936,13.952701999999999,-338.5241
53,30.373384,16.652534,,-0.013,0.5624701,11.845392,54,-0.125,12.442903999999999,10.728634,207.3743598461151,25.744201999999998,8.943887,11.638252,13.812933736048008,0.34456497,0.11,0.9999145,16.652534,15.321465,1.9824073,1080,1.3525931e-25,,10.980528999999999,12.291542999999999,-633.64496
54,58.38025699999999,16.652534,,-0.013,1.0614591999999998,11.833404,55,-0.133,16.020304,26.832523,211.4173800945282,36.205902,17.079714000000003,11.694443,17.746998054458203,0.06196946,0.11,0.9999145,16.652534,33.526176,1.7413336,1100,26.832523,,11.072161999999999,15.193328,-654.46747
55,0.0055656433,16.652534,,-0.026,9.9386394e-05,11.816511,56,-0.25,15.999792000000001,0.005561836999999999,215.762051820755,33.283955,0.0016549997000000001,11.673795,17.701938818924262,3.471498000000001e-24,0.11,0.9999145,16.652534,0.0055618384,1.0006841,1120,4.4070764000000005e-15,,11.160153999999999,10.614403,-1030.2922
56,65.6857,16.673073000000002,,-0.025,1.1523807,11.798811,57,-0.241,16.673073000000002,65.66014,220.58833813667297,52.546890000000005,19.213717000000003,11.621288,18.436126097877548,7.4081087e-22,0.11,0.9999145,16.673073000000002,65.66014,1.0003892,1140,65.66014,,11.256872,9.672055,-986.89996
57,89.26434,16.673073000000002,,-0.024,1.5390403999999998,11.781419999999999,58,-0.231,16.66741,44.70955,225.58602786064148,49.205833,25.656124,11.574996,18.42621352329324,1.8074015e-19,0.11,0.99998385,16.673073000000002,63.04025,1.4159898000000002,1160,44.70955,,11.350157000000001,9.160824,-942.5979
58,76.95643000000001,16.778282,,-0.022,1.3043462,11.764325,59,-0.213,16.778282,33.769657,231.971755027771,41.679005,21.771591,11.493078,18.5398063151885,3.698142999999999e-15,0.11,0.99998385,16.778282,45.654358,1.6856316000000002,1180,15.338085999999999,,11.442160000000001,6.591017,-872.8749
59,75.614334,16.912502,,-0.022,1.2602388999999998,11.747519,60,-0.217,16.912502,21.514446,236.45796465873718,38.033535,21.11211,11.516718,18.68341099956469,3.489649e-16,0.11,0.99998385,16.912502,37.827114,1.9989453999999998,1200,19.326629999999998,,11.533331,12.8262205,-871.4227
60,31.164054999999998,16.912502,,-0.006,0.51088613,11.730988499999999,61,-0.06,16.828445000000002,17.218270999999998,241.05314588546756,27.69527,7.330441499999999,11.609111,18.596588951213764,0.27992849999999997,0.11,0.99998385,16.912502,18.762766,1.6609521,1220,5.745957e-16,,11.620137,17.04849,-351.90616
61,70.639084,16.912502,,-0.009,1.13934,11.719307,62,-0.087,15.006151999999998,7.4052954,245.333841085434,27.309488,17.485176,11.611808,16.609162946969754,6.4632406,0.11,0.99998385,16.912502,20.516788000000002,3.4429893,1240,7.4052954,,11.674749,12.29796,-428.32800000000003
62,34.36517,16.912502,,-0.005,0.5454789000000001,11.802469,63,-0.05,15.074939,24.84693,250.31241917610168,32.467327000000004,7.4805856,11.610121000000001,16.717451403628605,0.02337607,0.11,0.99998385,16.912502,25.385763,1.3537181999999999,1260,0.39369586,,11.728721,11.409510000000001,-311.49338
63,44.992737,16.912502,,-0.005,0.7030115,11.787091,64,-0.05,14.222320999999999,18.492022,254.9054560661316,29.212121999999997,9.803488,11.588737,15.746768219751965,0.028075343,0.11,0.99998385,16.912502,25.816628,1.7427814,1280,18.492022,,11.767683,10.753444,-308.1192
64,54.653862,16.912502,,0.006,0.84082866,11.772026,65,0.06,13.048964,41.874390000000005,260.3363034725189,34.21716,7.6286535,11.553227,14.47339346515948,4.6111954e-32,0.11,0.99998385,16.912502,42.96125,1.2721665,1300,1.6845726e-36,,11.787395,9.639038000000001,-109.29387
65,0.00046918252999999995,16.912502,,0.002,7.108727e-06,11.756758999999999,66,0.018,9.160424,0.00040508203999999997,266.76627373695374,29.357014000000003,6.5480475e-05,11.5271845,10.058480097916368,9.09243e-17,0.11,0.99998385,16.912502,0.00040720667999999996,1.1521975,1320,1.0092005e-05,,11.747593,10.143009,-154.94601
66,9.935694,16.912502,,0.001,0.14829394,11.741721,67,0.01,9.147955,9.933318,272.1515784263611,35.173607000000004,1.3566902,11.5692,10.048229966488947,1.7250205e-14,0.11,0.99998385,16.912502,9.933318,1.0002391,1340,9.933318,,11.708793,15.334663,-164.36086
67,102.19797,16.912502,,0.002,1.5029113,11.726906,68,0.024,9.196416000000001,90.53412,275.54651761054987,43.967968,13.756841,11.566185,10.105240266251027,1.3830954e-18,0.11,0.99998385,16.912502,91.27909,1.1196208,1360,11.638127,,11.671846,12.218592,-141.61647
68,3.501554,16.912502,,0.007,0.05074716,11.712307000000001,69,0.072,9.3245735,2.674404,281.25836205482483,26.776009000000002,0.46032390000000006,11.544514999999999,10.23559518882293,3.6080695999999997e-37,0.11,0.99998385,16.912502,2.7241917,1.2853552,1380,6.77831e-13,,11.637828,10.058811,-96.31222
69,66.380684,16.912502,,0.008,0.9482955,11.697918,70,0.076,9.038611999999999,63.278996,287.9518077373505,40.840424,8.571213,11.516392999999999,9.92768295432764,,0.11,0.99998385,16.912502,63.327473,1.0482129999999998,1400,63.278996,,11.600696000000001,10.5188,-92.95919
70,22.223516,16.912502,,0.003,0.31300727,11.683734,71,0.033,9.044535,13.765897,293.5916063785553,25.553268,2.874909,11.505714999999999,9.933275598456797,1.1560453999999999e-21,0.11,0.99998385,16.912502,14.90001,1.4915101999999998,1420,4.8212584e-10,,11.564693,11.063602000000001,-124.50836000000001
71,4.219883,16.912502,,6.222e-05,0.058609485999999995,11.669747000000001,72,0.001,9.104223,3.6943467000000005,298.9959053993225,30.302176,0.5520060999999999,11.583337,9.99982495466877,8.985906e-12,0.11,0.99998385,16.912502,3.7115214,1.1369685,1440,1.38986e-05,,11.53052,17.794222,-170.22678
72,70.4082,16.912502,,-0.001,0.96449596,11.655953,73,-0.009,10.890578999999999,62.46035,305.33035874366766,40.842102000000004,10.636921000000001,11.532369000000001,11.988184231594186,2.456089e-09,0.11,0.99998385,16.912502,62.873385999999996,1.1198411,1460,62.46035,,11.521753,8.798474,-185.99365
73,52.338387,16.912502,,-1.55e-05,0.7072755000000001,11.642348,74,-0.0,11.36714,37.000675,311.3706727027893,32.934909999999995,7.721208,11.522703,12.5646458206786,1.4697634e-11,0.11,0.99998385,16.912502,39.013874,1.3415327,1480,12.057524,,11.519665,11.087750999999999,-166.62474
74,81.897095,16.912502,,-0.001,1.0919613000000001,11.628925,75,-0.011,10.622612,43.558716,317.32222199439997,32.525314,12.346422,11.555567,11.724065233818084,8.312123e-09,0.11,0.99998385,16.912502,48.85713,1.6762568,1500,8.636408,,11.507705,14.380722,-184.93421999999998
75,76.72239,16.912502,,-0.003,1.0095052,11.615680000000001,76,-0.029,9.625096000000001,21.981838,323.291335105896,29.167557000000002,12.724368,11.581479,10.598950706305498,2.6908009999999998e-05,0.11,0.99998385,16.912502,37.296688,2.0570831000000003,1520,0.00023218874,,11.482933000000001,13.587864000000001,-218.41807999999997
76,17.02409,16.912502,,0.036,0.22109208,11.602609,77,0.344,13.477779,13.17919,329.0907754898072,28.457552000000003,1.9187794999999999,11.585833000000001,14.963330836219455,,0.11,0.99998385,16.912502,13.356936,1.2745503999999999,1540,,,11.50884,12.003261,-307.99695
77,11.907327,16.912502,,0.046,0.15265803,11.5897045,78,0.428,8.67393,11.851461,335.15960192680365,34.970659999999995,1.3039953000000002,11.253722999999999,9.524286806242372,,0.11,0.99998385,16.912502,11.851587,1.0047032,1560,5.4922240000000004e-05,,11.472495,-13.532777,-371.1451
78,0.012661283,16.912502,,-0.037,0.00016026930000000001,11.576966,79,-0.352,8.57426,0.010954963,341.2223200798035,29.421095,0.0026970084000000004,11.203277,9.415972946874225,,0.11,0.99998385,16.912502,0.011011813999999998,1.1497909,1580,,,11.435808999999999,8.119978,-1087.3597
79,5.587236e-07,16.912502,,-0.046,6.884045e-09,11.564387,80,-0.43,16.542894,5.339414e-07,347.1515045166016,32.34429,1.15862576e-07,10.880912,18.30920806410721,,0.11,0.99998385,16.912502,5.3426515e-07,1.0457796999999998,1600,,,11.499647,-13.592367000000001,-1170.0303
80,55.346214,17.080536,,-0.042,0.6832866,11.551965,81,-0.395,17.080536,55.346146,352.5165207386017,45.831932,11.6709,10.911845,18.857795700714647,,0.11,0.99998385,17.080536,55.346146,1.0000011999999998,1620,55.346146,,11.568547,14.380373,-1118.3307
81,48.771873,17.193426000000002,,-0.037,0.59477895,11.539695,82,-0.357,17.193426000000002,37.338276,359.34452414512634,37.705307,10.174849,10.906282000000001,18.97342471703007,,0.11,0.99998385,17.193426000000002,39.04725,1.2490476000000001,1640,11.425441000000001,,11.637143,10.928753,-1054.9688
82,8.300001e-09,17.193426000000002,,-0.137,1.950488e-18,11.527573,83,-0.88,16.759201,1.6189049999999999e-16,366.18236899375916,3.7744474,3.353557e-17,10.933647,18.52836242254489,,0.11,0.99998385,17.193426000000002,9.110434e-10,9.110434,1660,2.2903428e-29,,11.698853999999999,13.665761999999999,-1286.8701
83,117.866905,17.193426000000002,,-0.127,1.4031775,11.515597,84,-0.856,17.098923000000003,117.866905,371.0239782333374,58.379677,23.992823,10.921225999999999,18.87825067275466,,0.11,0.99998385,17.193426000000002,117.866905,1.0,1680,117.866905,,11.763142,10.884259,-1267.1278
84,69.52044000000001,17.193426000000002,,-0.107,0.81788754,11.503762,85,-0.79,17.180487,45.817978000000004,378.4562542438507,39.523586,14.007739,10.958751,18.961018744768893,,0.11,0.99998784,17.193426000000002,51.58579,1.3476665,1700,23.702460000000002,,11.826874,14.228142000000002,-1240.5197
85,145.18825,17.193426000000002,,-0.102,1.6882354,11.492066000000001,86,-0.771,17.086102,108.94536000000001,382.45047736167913,55.454119999999996,28.861938000000002,10.952607,18.863916667162144,,0.11,0.99999475,17.193426000000002,112.27757,1.2931188,1720,108.94536000000001,,11.888029,10.74742,-1222.5754
86,102.10093,17.193426000000002,,-0.084,1.1735739,11.480506,87,-0.685,17.130642,62.385403000000004,389.889892578125,44.292118,20.07108,10.947185000000001,18.908735898914347,,0.11,0.99999475,17.193426000000002,71.91675,1.41971,1740,35.588497,,11.948289,10.278024,-1191.6234
87,172.41743,17.193426000000002,,-0.081,1.9592891,11.469077,88,-0.672,17.158704999999998,115.75074,396.58387088775635,57.951668000000005,33.583378,10.971625,18.939828824487673,,0.11,0.99999475,17.193426000000002,122.18386000000001,1.411131,1760,115.75074,,12.007499000000001,13.162156,-1174.9385
88,160.85153,17.193426000000002,,-0.077,1.8073206000000002,11.457777,89,-0.648,17.128656,80.9441,402.0887653827667,51.799706,30.975613,11.002213000000001,18.90842175949786,,0.11,0.99999475,17.193426000000002,97.40895,1.6513014,1780,49.983627,,12.065041,13.286089000000002,-1155.6238
89,128.8647,17.193426000000002,,-0.071,1.43183,11.446603999999999,90,-0.613,17.14331,60.450092000000005,407.33227372169495,44.001915000000004,24.545841,11.049282,18.92385348805425,,0.11,0.99999475,17.193426000000002,72.91162,1.7674096000000001,1800,25.260439,,12.121466,14.828868,-1133.0604
90,71.84917,17.193426000000002,,-0.115,0.78955126,11.4355545,91,-0.819,17.122135,28.857681,413.88278245925903,33.213634000000006,13.529319000000001,11.048786,18.903257550544073,,0.11,0.99999475,17.193426000000002,41.129143,1.7469162,1820,0.0041685207,,12.176417,10.810276,-1162.6733
91,139.75708,17.193426000000002,,-0.071,1.5190986000000002,11.424625,92,-0.611,17.113201,40.312553,418.7816743850708,41.727806,26.027962,11.09291,18.89363560148546,,0.11,0.99999475,17.193426000000002,63.808228,2.1902673,1840,8.85285,,12.230078,15.398964999999999,-1107.5426
92,128.33183,17.193426000000002,,-0.068,1.3799121,11.413815,93,-0.591,17.020481,29.926277000000002,424.7448086738586,38.2821,23.607409,11.13717,18.798848094923642,,0.11,0.9999955,17.193426000000002,54.76599,2.343276,1860,29.926277000000002,,12.281586,14.879271,-1089.6244
93,68.751335,17.198,,-0.109,0.7313972,11.403119,94,-0.797,17.198,19.182539000000002,430.86808228492737,28.165936,12.525691,11.144129,18.9782810142911,,0.11,0.9999955,17.198,31.262001,2.1991982000000005,1880,0.102057494,,12.333888,11.552313,-1121.6722
94,133.38343999999998,17.198,,-0.071,1.4040362,11.392536999999999,95,-0.609,17.122478,22.136463,438.3296258449554,36.62415,24.043332999999997,11.208519,18.90282179352894,,0.11,0.9999955,17.198,48.786854,2.7340037999999995,1900,1.9742247,,12.384295,17.574526000000002,-1071.6401
95,100.67904,17.198,,-0.094,1.04874,11.382066,96,-0.737,17.0567,20.616734,445.1316542625427,30.747728000000002,17.94785,11.229604,18.83452015358171,,0.11,0.9999955,17.198,37.46597,2.6872130000000003,1920,7.150008000000001,,12.432965,12.939604,-1088.0647
96,113.44878999999999,17.198,,-0.067,1.1695752000000001,11.371703,97,-0.584,17.03988,19.135070000000002,451.304407119751,32.36743,20.02029,11.299745,18.817863351720234,,0.11,0.9999955,17.198,40.724747,2.7857458999999998,1940,3.7751558,,12.480461,18.047676,-1041.6222
97,112.1662,17.198,,-0.095,1.1445531,11.361446,98,-0.74,17.078885999999997,17.181070000000002,458.52558636665344,30.86153,19.573833,11.324061,18.857658272775648,,0.11,0.9999955,17.198,36.809456,3.0472116000000002,1960,14.066579,,12.527384,13.587304000000001,-1065.9531
98,36.28988,17.198,,-0.053,0.36656442,11.351294000000001,99,-0.485,17.106913,19.633210000000002,464.2120850086212,26.381413000000002,6.292142,11.363526,18.88582622204239,,0.11,0.9999955,17.198,21.195406,1.7121577000000001,1980,0.15143988,,12.573641,15.146175,-979.1854
99,45.783443,17.198,,-0.049,0.45783442,11.341244,100,-0.452,17.061972,30.281754,471.9557809829712,31.410337,7.856175,11.410892,18.84111079846917,,0.11,0.9999955,17.198,31.352213,1.4602939,2000,6.2384777,,12.618523,16.748892,-949.6306
100,88.54784000000001,17.198,,-0.021,0.87671125,11.331292999999999,101,-0.203,16.961761,24.545631,477.7667682170868,30.02526,14.686862,11.450847999999999,18.7375567030602,7.976479699999999e-13,0.11,0.9999955,17.198,39.486626,2.2424767000000005,2020,6.1197347e-13,,12.661526,16.025295,-594.7671
101,128.03156,17.198,,-0.023,1.2552113999999999,11.321441,102,-0.224,16.76002,21.457176,484.4204785823822,34.562317,21.047192000000003,11.459480000000001,18.520533284024246,1.2644258e-17,0.11,0.9999955,17.198,50.30708,2.5450008,2040,21.253922,,12.701708,12.517353,-634.61316
102,107.58655,17.198,,0.03,1.0445296,11.311685,103,0.293,16.698814000000002,20.639357,492.18465185165405,23.108269,9.091087,11.4707575,18.456966764060127,,0.11,0.9999955,17.198,43.84406,2.4538455000000003,2060,,,12.740514,12.468516000000001,-284.7668
103,84.60436999999999,17.198,,-0.016,0.81350356,11.302023,104,-0.163,8.82133,40.027534,496.8787612915039,33.824222999999996,13.325767,11.226939999999999,9.676278269105255,1.9959298e-05,0.11,0.9999955,17.198,50.42037,1.6779800999999999,2080,,,12.70283,-13.854732,-502.0516
104,84.93295,17.198,,-0.015,0.8088853,11.292454,105,-0.152,15.948694,31.642258,504.7317991256714,32.5403,13.142598999999999,10.985323,17.68222384573275,0.0007453914999999999,0.11,0.9999955,17.198,47.898125,1.7731999,2100,3.3816919999999994e-30,,12.733744,-13.864301000000001,-471.91458
105,89.810524,17.198,,-0.015,0.8472690999999999,11.282982,106,-0.145,16.403751,26.490440000000003,509.85095977783203,30.302727,13.745997000000001,11.002262,18.151506638746305,0.0060428847,0.11,0.9999955,17.198,43.23085,2.0774636,2120,17.855420000000002,,12.768366,13.055916999999999,-450.25777999999997
106,135.93214,17.198,,-0.024,1.2703938,11.273649,107,-0.234,16.591969,20.417253,517.4531769752501,33.4249,21.287748,11.042271000000001,18.349996658153238,6.811360000000001e-20,0.11,0.9999955,17.198,47.965733,2.833943,2140,2.832551,,12.8041,15.504087,-642.68604
107,95.0473,17.198,,-0.02,0.8800676,11.264347,108,-0.202,16.744781,22.102204999999998,525.1626682281493,27.167834999999997,14.704234,11.092031,18.509190256278764,1.4411645e-12,0.11,0.9999955,17.198,34.440975,2.7597158,2160,5.238716,,12.840589,16.231968,-571.04095
108,83.30377,17.198,,-0.015,0.7642548000000001,11.25513,109,-0.148,16.488354,21.00178,531.2848372459412,27.948784000000003,12.439903,11.145433,18.235541906968468,0.002441922,0.11,0.9999955,17.198,37.561,2.2178261000000004,2180,2.2089572,,12.874055,17.074832999999998,-445.1134
109,130.68563999999998,17.198,,-0.024,1.1880511999999999,11.24602,110,-0.235,16.53144,17.27289,537.0090944766998,31.207062,19.90188,11.147706,18.27570498311318,3.0060222000000003e-20,0.11,0.9999955,17.198,42.95339,3.0424990000000003,2200,0.31330332,,12.907303,11.679916,-627.5747
110,105.94612,17.198,,-0.017,0.95446956,11.23697,111,-0.17,16.74665,24.747395,543.1255884170532,29.27222,15.750009,11.146343,18.514408503782896,1.735274e-06,0.11,0.9999955,17.198,41.650948,2.5436666,2220,0.22872803,,12.941892,10.873787,-485.66812000000004
111,141.47495,17.198,,-0.024,1.2631691999999999,11.228002,112,-0.234,16.67406,14.868735000000001,550.7161645889282,31.372096999999997,21.151628,11.209169000000001,18.437293690484672,7.820561e-20,0.11,0.9999955,17.198,42.038036,3.3654032,2240,9.718346,,12.975214,18.28735,-612.9574
112,65.23175,17.198,,-0.033,0.5772721,11.219111999999999,113,-0.32,16.884145999999998,48.347297999999995,560.8118734359741,36.178314,9.718508,11.252480499999999,18.654181238190642,,0.11,0.9999955,17.198,50.180817,1.299934,2260,1.0111481,,13.009807,15.901137,-744.9927
113,148.7841,17.198,,-0.023,1.3051237,11.210302,114,-0.225,16.879097,12.559466,566.0883247852324,31.087482,21.86234,11.278025,18.64930203865124,1.2502574e-17,0.11,0.9999955,17.198,39.904484000000004,3.7285057999999998,2280,9.303481,,13.043747999999999,14.661026000000001,-584.7897
114,49.89762,17.198,,-0.037,0.43389237,11.201569000000001,115,-0.357,16.943628,30.668612,574.4806373119353,30.356987,7.392284,11.282129,18.71492325562169,,0.11,0.9999955,17.198,33.314457,1.4977768999999999,2300,0.54382694,,13.07766,11.4981575,-773.8523
115,106.1732,17.198,,0.014,0.91528624,11.192910000000001,116,0.141,16.894138,41.100277,583.8721528053284,27.241959,8.194894,11.286430000000001,18.666874424739877,,0.11,0.9999955,17.198,58.79427,1.8058428,2320,,,13.110559,12.379176,-144.91188
116,97.0173,17.198,,0.026,0.8292076999999999,11.184325999999999,117,0.255,9.347598,35.184982,590.2611923217772,25.097051999999998,7.256577,11.068937,10.235438445987588,,0.11,0.9999955,17.198,50.320816,1.9279755,2340,,,13.078399000000001,-13.972514000000002,-251.2118
117,107.80181999999999,17.198,,0.026,0.91357476,11.175816000000001,118,0.257,8.759418499999999,27.312733,601.9441919326782,23.320303,7.994402,11.0584755,9.618418615511331,,0.11,0.9999955,17.198,48.033493,2.2443051,2360,26.773578999999998,,13.041798,10.080222000000001,-250.87497000000002
118,121.71758999999999,17.198,,0.023,1.0228369000000002,11.167377,119,0.226,8.763366,40.576492,610.310697555542,24.737066,9.000771499999999,11.107569999999999,9.624549523257755,,0.11,0.9999955,17.198,55.686240000000005,2.185775,2380,4.802788700000001,,13.005844,17.055902,-218.09093
119,32.967873,17.198,,0.035,0.27473226,11.159009,120,0.334,8.799149,21.721951999999998,617.2554500102998,25.833143,2.3846202,11.162301,9.663618778147141,,0.11,0.9999955,17.198,22.474936,1.4668728000000002,2400,1.1207442399999999e-07,,12.970789,17.741283,-318.16794
120,20.309769,17.198,,0.036,0.16784933,11.15071,121,0.344,8.699864999999999,12.976412,626.8478529453278,24.104494,1.4555155,11.109091000000001,9.554201193411082,,0.11,0.9999955,17.198,13.373517999999999,1.5186556999999998,2420,0.92934954,,12.935491,5.460591,-323.6753
121,60.585834999999996,17.198,,0.143,0.49660519999999997,11.14248,122,0.894,8.649655000000001,47.297783,633.5503334999083,32.136734000000004,4.2452517,11.12955,9.50029680956524,,0.11,0.9999955,17.198,49.128646999999994,1.233208,2440,0.0010683285,,12.900361,14.438969,-555.35065
122,76.51613,17.198,,0.122,0.62208235,11.134316,123,0.842,8.552441,34.423138,640.4648516178131,26.5423,5.319367,11.146756,9.390620590013137,,0.11,0.9999955,17.198,47.211784,1.6206998,2460,29.93798,,12.865012,13.810862,-534.3965
123,123.03133999999999,17.198,,0.03,0.9921882,11.126219,124,0.288,8.561948,19.766165,648.2761349678041,21.169726999999998,8.638574,11.1629715,9.40154419562494,,0.11,0.9999955,17.198,44.822792,2.744839,2480,1.1292268e-06,,12.830311,13.594477,-267.0641
124,33.916245,17.198,,0.038,0.27132997,11.118186999999999,125,0.367,8.732837,18.87065,655.3058686256409,23.746733,2.3407252,11.178806,9.593476129522033,,0.11,0.9999955,17.198,21.107437,1.6068386000000001,2500,0.0005468250599999999,,12.79753,13.205865,-330.79987
125,134.16273,17.198,,0.026,1.0647836000000002,11.110219,126,0.255,8.618749000000001,23.269009,665.7329518795012,21.97302,9.320256,11.184517999999999,9.463977165921255,,0.11,0.9999955,17.198,49.352528,2.7184572,2520,3.1114672999999997e-06,,12.764365,12.636250500000001,-232.79387000000003
126,70.643555,17.198,,0.034,0.5562484999999999,11.102313,127,0.327,8.757156,22.847885,676.2008426189423,20.594788,4.8206489999999995,11.205509,9.619771871706154,,0.11,0.9999955,17.198,32.397408,2.180531,2540,0.0033037849,,12.732812,13.850898999999998,-294.10582999999997
127,76.017685,17.198,,0.038,0.59388816,11.09447,128,0.362,8.656989,36.032185,685.7593226432799,24.008726,5.125072,11.245246,9.510342534776981,,0.11,0.9999955,17.198,41.734257,1.8214697,2560,11.163453,,12.70097,16.761286,-319.29907000000003
128,104.69855,17.198,,-0.005,0.81161666,11.086688,129,-0.051,8.639819000000001,37.17519,695.5521245002748,28.14072,11.086668,11.262989,9.490879332039746,0.07259059,0.11,0.9999955,17.198,51.91111,2.0168812,2580,,,12.669489,13.982514000000002,-288.06516
129,110.17572,17.198,,0.003,0.84750557,11.079528999999999,130,0.034,14.176882,80.91215,703.5405969619751,33.53485,7.7303386,11.0661,15.73893010859206,6.5929814e-22,0.11,0.9999955,17.198,82.65585,1.3329451,2600,7.317660000000001e-17,,12.681084,-14.077875,-152.99591
130,169.86035,17.198,,0.005,1.2966438999999998,11.071866,131,0.052,9.195707,44.986655999999996,711.5360872745514,28.384508,11.808667999999999,11.04774,10.092566106492113,2.108033e-28,0.11,0.9999955,17.198,81.85772,2.0750682,2620,6.3945975,,12.654478,8.956086,-138.6775
131,129.66931,17.198,,0.004,0.98234326,11.064261,132,0.041,9.087172,48.247025,718.4807684421539,25.7108,8.97653,11.045969,9.980211329679001,3.7669962e-24,0.11,0.9999955,17.198,63.086445,2.0554228,2640,9.020615,,12.627453,10.675469,-145.27666000000002
132,111.90071999999999,17.198,,-0.017,0.8413588,11.056714,133,-0.173,9.099658999999999,25.17067,726.440710067749,27.115625,13.895526,11.050065,9.994535494104092,7.219584300000001e-07,0.11,0.9999955,17.198,43.009029999999996,2.6017959999999998,2660,,,12.600927,11.700992999999999,-585.5902
133,106.851456,17.198,,-0.018,0.7973989,11.049223,134,-0.181,16.14464,21.837936,736.3913416862488,26.067913,13.207722,10.860882,17.887042042726772,2.1217776e-08,0.11,0.9999955,17.198,39.950294,2.67461,2680,0.0048019383,,12.627373,-14.098089000000002,-603.1086
134,129.64941000000002,17.198,,-0.062,0.9603659999999999,11.041788,135,-0.548,16.273964000000003,22.050644000000002,744.5303354263306,28.090797,16.413320000000002,10.902978,18.017046483088208,,0.11,0.9999955,17.198,44.016113,2.9454990000000003,2700,2.4179936999999996e-38,,12.654386,16.783474,-1052.9521
135,191.70245,17.198,,-0.073,1.4095768999999998,11.034409,136,-0.623,17.136806,17.124798000000002,753.7391583919525,33.12107,24.100077,10.913260000000001,18.91687826086829,,0.11,0.9999955,17.198,50.277546,3.8128839999999995,2720,10.792247999999999,,12.687345,12.386416,-1067.5299
136,181.83992,17.198,,-0.076,1.3272986,11.027082,137,-0.643,16.922888,15.185481,763.8321664333344,31.121685,22.683084,10.924292,18.698000233202592,,0.11,0.9999955,17.198,44.611999999999995,4.076031700000001,2740,7.3401380000000005,,12.718261,12.075142999999999,-1064.2555
137,171.26837,17.198,,-0.09,1.2410752,11.019810000000001,138,-0.719,17.090586,17.87133,770.8959686756134,30.582496999999996,21.20092,10.933942,18.86793171633668,,0.11,0.9999955,17.198,46.713776,3.6663352999999996,2760,7.478573299999999,,12.749945,11.975381,-1071.1859
138,153.33581999999998,17.198,,-0.095,1.1031353000000002,11.012589,139,-0.74,17.146091000000002,17.035908,776.1168143749237,28.380034999999996,18.847738,10.982428,18.92567306467977,,0.11,0.9999955,17.198,42.494545,3.6083646000000003,2780,4.393086,,12.781571000000001,17.482208,-1066.889
139,168.01581000000002,17.198,,-0.067,1.2001129,11.005421,140,-0.584,17.112938,18.398788,785.2354412078857,29.906658,20.520372000000002,11.042736,18.89211445679647,,0.11,0.9999955,17.198,45.849644,3.6644955,2800,0.99560183,,12.812509,19.362848,-1026.3207
140,183.85327,17.198,,-0.079,1.303924,10.998303,141,-0.657,17.195368,12.553778,794.864378452301,29.902832,22.294117,11.078484,18.977982710873853,,0.11,0.9999955,17.198,40.67006,4.520605000000001,2820,8.410263,,12.843594,15.929789999999999,-1036.4879
141,149.2981,17.198854,,-0.064,1.051395,10.991236,142,-0.567,17.198854,18.493519,802.3110198974609,27.315811,17.988941,11.087514,18.98004873126071,,0.11,0.9999955,17.198854,40.481876,3.6880230000000003,2840,4.673335,,12.874264,12.093236,-1006.3982
142,83.68316999999999,17.261364,,-0.039,0.5851970000000001,10.984219,143,-0.369,17.261364,32.443737,811.7269263267517,29.210186,9.955973,11.112867999999999,19.043716544988452,,0.11,0.9999955,17.261364,46.672253000000005,1.7929959999999998,2860,0.0008704733,,12.904943,14.696388,-881.14435
143,94.35788000000001,17.261364,,-0.032,0.65526307,10.97725,144,-0.309,17.117409,45.952187,820.5527412891388,29.517746000000002,11.046336,11.127502,18.895207787213906,,0.11,0.9999955,17.261364,50.486247999999996,1.8689818,2880,6.1446,,12.934196,13.678699,-802.6212
144,189.96335,17.261364,,-0.025,1.3100921,10.970329,145,-0.244,16.968925,21.220463,831.6976084709167,31.5472,22.013643,11.145994,18.742393153080393,2.7773998e-22,0.11,0.9999955,17.261364,52.458957999999996,3.6211803,2900,3.7523415,,12.962023,14.202182999999998,-689.2787
145,130.6618,17.261364,,-0.062,0.8949439,10.963455999999999,146,-0.55,16.752057999999998,17.656706,839.7138118743896,24.7756,15.320563,11.200857000000001,18.512572389753906,,0.11,0.9999955,17.261364,35.785477,3.6512523,2920,3.7401524e-22,,12.987982,18.903479,-973.5197
146,187.08336,17.261364,,-0.079,1.2726758999999999,10.956631,147,-0.661,17.057814,11.284061999999999,849.4225580692291,29.03939,21.773325,11.23591,18.836159144440728,,0.11,0.9999955,17.261364,39.375793,4.751228,2940,1.5284488999999999,,13.015668,16.483805,-995.24255
147,192.7776,17.261364,,-0.073,1.3025514,10.949850999999999,148,-0.622,17.14696,10.7628,858.871030330658,29.542054999999998,22.29569,11.221573,18.925888296128505,,0.11,0.9999955,17.261364,40.464264,4.7641444,2960,9.988529,,13.043582,8.872436,-980.1513699999999
148,173.99097,17.261364,,-0.067,1.1677246000000001,10.943116999999999,149,-0.584,17.19126,12.606519,868.9906771183014,27.748444,19.992367,11.2506485,18.97191579274858,,0.11,0.9999955,17.261364,39.08982,4.4510555,2980,9.607341,,13.071419,15.283722000000001,-963.70636
149,65.63758,17.261364,,-0.049,0.43758386,10.936428,150,-0.453,17.10595,27.442183,876.2732009887695,23.888706,7.4932723,11.257138000000001,18.88366653741712,,0.11,0.9999955,17.261364,31.172411,2.1056306,3000,0.6419971,,13.098315,12.086278,-904.2571
150,97.38288,17.261364,,-0.039,0.64491975,10.929783,151,-0.373,16.887806,26.287198999999998,886.4484784603119,26.858307,10.991139,11.182482,18.662321077082183,,0.11,0.9999955,17.261364,44.758648,2.1757333,3020,0.42804056,,13.123410999999999,0.56242836,-837.7858
151,123.87648999999999,17.261364,,-0.032,0.8149769,10.9231825,152,-0.311,17.191622,40.43303,895.0513970851898,29.295078000000004,13.794843,11.195772999999999,18.9716012403672,,0.11,0.9999955,17.261364,55.61886,2.227239,3040,9.805316,,13.150175,13.594554,-762.6919
152,203.58409,17.261364,,-0.074,1.3306149,10.916625,153,-0.63,16.915779999999998,9.8448,904.1833798885344,29.495346,22.76972,11.182732000000001,18.685523909897853,,0.11,0.9999955,17.261364,39.661716,5.133013,3060,3.7674809999999995e-11,,13.1747875,9.440902000000001,-949.64984
153,181.62161,17.261364,,-0.067,1.1793611000000002,10.910110000000001,154,-0.584,17.14161,11.307158,916.1174175739287,27.480059000000004,20.176428,11.209559,18.92153208736144,,0.11,0.9999955,17.261364,38.42388,4.72679,3080,1.1751794,,13.200545000000002,15.012616,-932.3687
154,174.71964,17.261364,,-0.022,1.1272235000000002,10.903638,155,-0.221,17.123829,14.366291,925.5885145664216,27.649458000000003,18.881018,11.223253999999999,18.901679504772552,1.1473714e-16,0.11,0.9999955,17.261364,44.377098,3.9371576,3100,3.0816466000000003e-10,,13.225859,13.179654000000001,-603.4590000000001
155,189.19691,17.261364,,-0.023,1.2128007,10.897207,156,-0.228,16.732456,13.195879000000001,934.5507619380952,28.849781,20.332855,11.246922,18.492596003727652,2.3933324999999997e-18,0.11,0.9999955,17.261364,46.675804,4.053426,3120,12.875601,,13.248337,14.823917000000002,-612.6817599999999
156,195.76535,17.261364,,-0.024,1.2469131000000002,10.890818,157,-0.234,16.715183,13.090092,944.1078660488128,29.232025,20.913486,11.285801,18.48143403162165,1.0450067999999998e-19,0.11,0.9999955,17.261364,47.1713,4.1500945,3140,12.141850999999999,,13.270417000000002,17.177578,-618.7768
157,191.61599999999999,17.261364,,-0.024,1.2127595,10.884468,158,-0.237,16.542995,12.896552999999999,953.390708208084,28.483912,20.33717,11.304432,18.2988257587632,1.8720293e-20,0.11,0.9999955,17.261364,45.217921999999994,4.237612,3160,6.476099,,13.291132000000001,14.022404000000002,-620.11993
158,98.56595,17.261364,,-0.014,0.6199116,10.878159,159,-0.142,16.924210000000002,26.081087,962.2728416919708,23.969753,10.037993,11.319217,18.695123199850688,0.020299373,0.11,0.9999955,17.261364,39.77661,2.4779875,3180,0.0007060671,,13.313979999999999,13.478477999999999,-427.35855
159,133.56076000000002,17.261364,,-0.017,0.83475477,10.872017,160,-0.166,16.580973,19.286621,973.9917769432068,25.23818,13.736612,11.318872,18.31579836676631,1.0026101e-05,0.11,0.9999955,17.261364,44.497009999999996,3.0015671000000004,3200,19.286621,,13.334399,11.669897,-475.66983
160,132.92766,17.261364,,-0.036,0.82563764,10.865787,161,-0.342,16.500084,25.106564000000002,985.5974590778352,26.819668,14.037701,11.31812,18.25071683185486,,0.11,0.9999955,17.261364,49.21618,2.7008933999999996,3220,1.4538489000000003e-07,,13.354060999999998,11.396189999999999,-755.13153
161,170.52806,17.261364,,0.024,1.0526423,10.859594,162,0.231,16.759907000000002,39.442158,994.4809310436248,22.451187,9.253436,11.296008,18.528918500036237,,0.11,0.9999955,17.261364,65.19145999999999,2.6158037,3240,,,13.375084,7.950533,-228.00417000000002
162,228.47012,17.261364,,0.009,1.4016572,10.853439999999999,163,0.086,9.021457,112.310326,1004.0033984184264,33.08712,12.666805,11.138853,9.887726740894776,,0.11,0.9999955,17.261364,135.14088,1.690607,3260,,,13.348375,-14.3040905,-134.29953
163,216.61166,17.261364,,0.009,1.3208028,10.847324,164,0.087,9.024113,64.87872,1014.2808256149292,28.656277000000003,11.92917,11.068744,9.91232122022571,,0.11,0.9999955,17.261364,104.95366999999999,2.063879,3280,64.87872,,13.322006,-0.51083285,-133.58765
164,167.41716,17.261364,,0.008,1.0146495,10.841246,165,0.079,9.088135000000001,61.737494999999996,1026.2800586223602,26.825678000000003,9.178658,11.075639,9.981000976029774,,0.11,0.9999955,17.261364,85.57881,1.9562921999999998,3300,26.382334000000004,,13.296349,12.050759,-132.22733
165,183.85698,17.261364,,0.008,1.1075722,10.835203,166,0.083,9.033323,42.871746,1036.7062788009644,24.962246,10.009352999999999,11.064474,9.922738243090818,,0.11,0.9999955,17.261364,79.63431,2.308766,3320,39.592715999999996,,13.270667000000001,9.316791,-131.46176
166,150.87149,17.261364,,0.003,0.9034221,10.829197,167,0.027,9.038155,62.405395999999996,1046.337424993515,26.936556,8.309528,11.100635,9.927690287208655,3.1008065e-19,0.11,0.9999955,17.261364,81.403984,1.8533674,3340,4.012195e-17,,13.245322,17.092845999999998,-148.19138
167,184.30188,17.261364,,-0.0,1.097035,10.823227000000001,168,-0.002,9.1814,55.63944,1055.23424077034,29.174252000000003,11.49175,11.11646,10.084909284497831,7.9181585e-11,0.11,0.9999955,17.261364,94.39921,1.9523668,3360,0.0018240622,,13.221132999999998,13.951807,-173.00208
168,162.64956999999998,17.261364,,0.004,0.96242344,10.817292,169,0.038,9.360167,45.26143,1066.4709420204165,23.985847,8.790846,11.1185875,10.295398972333183,3.2815505999999995e-23,0.11,0.9999955,17.261364,71.58938,2.271979,3380,7.898385e-05,,13.198286999999999,11.507609,-139.30975
169,175.35843,17.261364,,0.002,1.0315200999999998,10.811392999999999,170,0.017,9.177838000000001,67.68881999999999,1077.14595246315,26.894312,9.547964,11.150205999999999,10.081006766302224,6.3450486e-16,0.11,0.9999955,17.261364,88.11089,1.9902015,3400,3.249469,,13.174638,16.606585,-153.18803
170,208.64363,17.261364,,0.002,1.2201382,10.805528,171,0.021,9.345286,45.475597,1087.5165762901306,25.662670000000002,11.282537,11.1655035,10.277216741475184,2.751612e-17,0.11,0.9999955,17.261364,86.90863,2.4007240000000003,3420,44.603336,,13.152244,13.842675,-148.67337
171,186.77917,17.261364,,-0.009,1.0859254999999999,10.799696,172,-0.091,9.216637,18.298347,1097.3420352935789,26.312862,16.729725,11.167498,10.120251523805312,17.596409,0.11,0.9999955,17.261364,51.847885,3.6024453999999997,3440,,,13.129362,11.397869,-313.80798
172,137.92271000000002,17.261364,,-0.011,0.79724115,10.891302,173,-0.11,15.4770775,30.367703999999996,1106.904171705246,25.763931,12.520211,11.162088,17.165113590279947,6.5788226,0.11,0.9999955,17.261364,52.910355,2.6067245,3460,6.250507,,13.142932,10.185654,-352.45145
173,218.17202999999998,17.261364,,-0.024,1.2538623,10.922861,174,-0.232,15.576812,12.217258000000001,1118.4060735702517,28.580465000000004,21.018017,11.171842,17.23801209860719,2.1377789e-19,0.11,0.9999955,17.261364,47.792133,4.565019599999999,3480,2.9571192000000003e-18,,13.156920000000001,13.101853,-602.24634
174,144.88321000000002,17.261364,,-0.032,0.82790405,10.91713,175,-0.312,16.659595,31.929506,1128.4358355998993,26.57467,14.000416,11.179114,18.4258341941916,,0.11,0.9999955,17.261364,52.770984999999996,2.745509,3500,0.0020269195,,13.176935999999998,12.22377,-721.4884599999999
175,218.28429,17.261364,,-0.024,1.2402517,10.911432000000001,176,-0.239,16.855220000000003,13.133029999999998,1137.4706664085388,28.262989,20.811293,11.201034,18.62673003924733,3.827696e-21,0.11,0.9999955,17.261364,47.116446999999994,4.6328683,3520,8.654465,,13.197834,15.247998999999998,-607.69476
176,220.51202,17.261364,,-0.024,1.2458307,10.905766499999999,177,-0.24,16.955587,13.012189,1149.3235635757444,28.210496999999997,20.918817999999998,11.187484,18.723210492704037,2.5821158000000002e-21,0.11,0.9999955,17.261364,46.5752,4.7345375999999995,3540,13.012189,,13.219064999999999,8.593933999999999,-605.3916
177,176.21231,17.261364,,-0.032,0.9899568000000001,10.900133,178,-0.309,16.891785000000002,27.243301000000002,1159.6398730278015,27.461458,16.734035000000002,11.188016000000001,18.66292118263328,,0.11,0.9999955,17.261364,54.75535,3.2181754000000002,3560,23.862381,,13.239698,11.066985,-705.6650400000001
178,217.62315,17.261364,,-0.025,1.2157718000000002,10.894531,179,-0.247,16.92353,15.937560999999999,1170.5489437580106,27.746433000000003,20.437727,11.188945,18.69524894657322,5.294314e-23,0.11,0.9999955,17.261364,46.072359999999996,4.723508,3580,2.4336004,,13.260279,11.405422,-609.7076400000001
179,223.81072999999998,17.261364,,-0.028,1.243393,10.88896,180,-0.272,16.959435,23.167131,1181.6511232852934,29.609562,20.973742,11.18933,18.732885142075023,7.224224e-30,0.11,0.9999955,17.261364,55.98599,3.9976203000000003,3600,16.416555,,13.280829,11.07134,-646.7497599999999
180,186.64491,17.261364,,-0.033,1.0311874,10.88342,181,-0.323,16.896378,19.829357,1192.7552073001864,26.925290000000004,17.46605,11.222012,18.66779902141648,,0.11,0.9999955,17.261364,51.14077,3.6496305,3620,12.109819,,13.300804000000001,16.904324,-709.99567
181,212.06589,17.261364,,-0.031,1.1651971,10.87791,182,-0.297,17.047047,21.49482,1201.0596761703493,28.855829999999997,19.69146,11.225761,18.822794825994606,7.425961999999999e-37,0.11,0.9999955,17.261364,56.294804000000006,3.7670597999999997,3640,1.7995057,,13.321388,11.908403999999999,-674.01917
182,148.56003,17.261364,,-0.039,0.81180346,10.872431,183,-0.373,17.024342,21.152292000000003,1213.1486172676084,25.180614000000002,13.8426485,11.262199,18.80025583390912,,0.11,0.9999955,17.261364,48.79013,3.0448787,3660,15.914597,,13.341623,17.770951999999998,-753.20374
183,204.11243000000002,17.261364,,-0.009,1.1093066999999999,10.866981,184,-0.085,17.014426999999998,16.968132,1221.8167514801025,26.111269,16.981756,11.271644,18.7906298807848,14.203686,0.11,0.9999955,17.261364,53.9774,3.7814422,3680,1.1171743e-21,,13.361585,13.218795000000002,-284.19372999999996
184,195.5573,17.261364,,-0.032,1.0570663999999999,10.93592,185,-0.307,16.265905,18.763212,1233.3885626792908,26.64515,17.88456,11.216145,17.973173698483482,,0.11,0.9999955,17.261364,49.62519,3.940686,3700,4.1436104999999995e-27,,13.377282999999998,0.93304217,-676.49963
185,192.4924,17.261364,,-0.032,1.0349054,10.930530000000001,186,-0.313,16.83835,16.362333,1243.5978846549988,25.836216,17.51589,11.20778,18.61061844581578,,0.11,0.9999955,17.261364,46.392604999999996,4.1492043,3720,12.198828,,13.395891,9.63444,-679.96954
186,206.78746,17.261364,,-0.025,1.1058153,10.925167,187,-0.248,16.875244,12.57061,1254.9744036197662,25.467064,18.591972,11.234269,18.64373104494135,1.9405718e-23,0.11,0.9999955,17.261364,41.181072,5.02142,3740,2.2715213,,13.414497,16.153852,-585.88184
187,166.76065,17.261364,,-0.019,0.88702476,10.919834,188,-0.191,16.896235,23.765429,1264.0993237495422,24.524916,14.712086,11.232107000000001,18.663806202183284,3.235025e-10,0.11,0.9999955,17.261364,47.400482000000004,3.5181214999999995,3760,0.35351065,,13.433017000000001,10.742666999999999,-483.28827
188,191.94205,17.261364,,-0.003,1.0155663000000001,10.914529,189,-0.029,17.052410000000002,42.77883,1276.0576620101926,28.029873,13.017866999999999,11.248282000000001,18.82428250809955,6.7360575e-05,0.11,0.9999955,17.261364,83.464874,2.2996745,3780,1.5752305e-25,,13.452167499999998,14.429344,-190.27876
189,195.19016000000002,17.261364,,-0.003,1.0273166,10.909252,190,-0.031,13.468041,36.803036,1285.089033126831,26.739359999999998,13.342849,11.182197,14.888612805184966,0.000121715355,0.11,0.9999955,17.261364,75.74336,2.5769935,3800,29.457285,,13.452251,-1.2404203,-191.15861999999998
190,116.19693999999998,17.261364,,-0.002,0.60836095,10.904003999999999,191,-0.017,12.197214,49.545437,1298.7337710857394,25.023542000000003,7.1829114,11.190302,13.531096810009078,2.2517695e-07,0.11,0.9999955,17.261364,60.048171999999994,1.9350619999999998,3820,0.98666763,,13.445681,12.772007,-172.94803000000002
191,243.92627000000002,17.261364,,0.003,1.2704493000000001,10.898782,192,0.025,11.612527,40.871967,1305.4412789344788,24.46317,11.713707000000001,11.211997,12.859505907331917,1.1345611000000001e-18,0.11,0.9999955,17.261364,90.08352,2.7077792,3840,5.4749714999999996e-05,,13.436132999999998,15.787826,-137.47107
192,162.41539,17.261364,,-0.001,0.8415305000000001,10.893587,193,-0.011,9.159355999999999,47.14867,1321.9065232276914,25.311718,9.492931,11.240748,10.062078387019037,1.2709988e-08,0.11,0.9999955,17.261364,74.42095,2.182388,3860,0.00017436398999999997,,13.413973,16.586119,-164.97388
193,213.90182000000001,17.261364,,-0.0,1.1025867,10.888419,194,-0.002,9.895202000000001,43.077526,1333.5937967300415,25.166006,11.339896000000001,11.243374000000001,10.897805067819666,8.737979000000001e-11,0.11,0.9999955,17.261364,85.66617600000001,2.4969227000000003,3880,31.972958000000002,,13.395835,11.971539,-155.38535
194,200.9631,17.261364,,0.0,1.0305799999999998,10.883278,195,0.003,10.124145,47.957653,1342.9994814395905,24.102621,10.277598,11.25255,11.169413611807345,5.3341376e-12,0.11,0.9999955,17.261364,80.47798,2.4971192,3900,29.073061,,13.379057999999999,13.014011,-150.44975
195,134.1518,17.261364,,-0.055,0.68444794,10.878162,196,-0.504,9.547842,27.585949,1352.8829765319826,22.454051999999997,11.699214,11.211262,10.47047082275621,,0.11,0.9999955,17.261364,41.792202,3.209972,3920,,,13.35951,3.2023487,-803.9096
196,243.0474,17.261364,,-0.075,1.2337431,10.873074,197,-0.637,16.657196,11.906222999999999,1366.7591860294342,27.63969,21.112345,11.079083,18.42667407412511,,0.11,0.9999955,17.261364,45.953907,5.2889385,3940,2.2355023999999995e-08,,13.37625,-14.493545000000001,-838.5124
197,0.0061459806999999995,17.261364,,-0.207,3.1040214e-05,10.86801,198,-0.971,17.121958,0.0042888406,1376.304221868515,26.084085,0.00053148967,11.0996,18.902166471579346,,0.11,0.9999955,17.261364,0.004643579,1.3235438999999998,3960,1.3416634e-09,,13.395167,14.931639,-905.46234
198,200.50066,17.261364,,-0.206,1.007541,10.862972000000001,199,-0.97,17.024078,200.49338,1387.507183790207,51.673935,17.152462,11.114015,18.793858161536875,,0.11,0.9999955,17.261364,200.49338,1.0000364,3980,200.49338,,13.413403,14.965517000000002,-900.52026
199,145.40152,17.261364,,-0.18,0.7270076,10.85796,200,-0.949,17.0467,112.10786,1398.785614490509,40.109455,12.389717,11.107004,18.81830090245222,,0.11,0.9999955,17.261364,116.74893999999999,1.2454205,4000,112.10786,,13.43157,10.012554,-886.4799
200,114.99101,17.261364,,-0.144,0.5720946,10.852972,201,-0.895,17.208567000000002,73.76505999999999,1412.4145855903625,33.42805,9.831719,11.105274,18.988095614907838,,0.11,0.9999955,17.261364,78.59651,1.4630549,4020,73.76505999999999,,13.45036,11.157193,-867.3572
201,125.22502,17.261364,,-0.159,0.61992586,10.848009,202,-0.922,17.055235,75.21672,1423.9581339359286,32.978287,10.6334305,11.122721,18.832595033752717,,0.11,0.9999955,17.261364,81.05198,1.5449965,4040,26.633335,,13.468206,15.117838,-869.55884
202,171.97926,17.261364,,-0.138,0.8471885,10.843071,203,-0.882,17.199345,49.85718,1436.0209505558014,30.107342,14.530254000000001,11.109906,18.977884454778422,,0.11,0.9999955,17.261364,77.59919000000001,2.2162507000000002,4060,49.85718,,13.486585999999999,8.965525,-856.0247
203,133.95819,17.261364,,-0.211,0.6566578000000001,10.838157,204,-0.973,17.133960000000002,81.032455,1449.0635378360748,35.48239,11.188721000000001,11.126014999999999,18.91214124309456,,0.11,0.9999955,17.261364,94.26649499999999,1.4210584,4080,0.00014918011999999999,,13.504466,14.610969,-879.7792
204,208.40198,17.261364,,-0.187,1.0165950000000001,10.833267,205,-0.956,17.021593,70.33572,1462.3211832046509,35.362076,17.339005,11.115368,18.790040424095626,,0.11,0.9999955,17.261364,108.79916000000001,1.9154741999999998,4100,70.33572,,13.521623000000002,9.371102,-867.29724
205,180.22018,17.261364,,-0.133,0.8748553,10.828401,206,-0.872,17.130508,34.86183,1473.08624625206,28.443035,14.995703,11.117296000000001,18.906063282046773,,0.11,0.9999955,17.261364,70.19958000000001,2.5672544999999998,4120,1.4125303999999999,,13.539142000000002,11.611006,-841.3472
206,189.6871,17.261364,,-0.202,0.9163628,10.823559,207,-0.967,17.190089999999998,53.607323,1480.800838470459,31.816090000000003,15.633294,11.148558,18.97184691842406,,0.11,0.9999955,17.261364,88.9173,2.1332982000000005,4140,12.666001,,13.556779,17.764167999999998,-863.79364
207,222.9335,17.261364,,-0.184,1.0717957,10.818739,208,-0.953,17.04071,52.679367000000006,1497.211859703064,31.933871999999997,18.318811,11.163478999999999,18.813603790355412,,0.11,0.9999955,17.261364,87.920425,2.535628,4160,19.29328,,13.573528,14.413725,-853.46735
208,206.95343,17.261364,,-0.203,0.9902078000000001,10.813943,209,-0.968,17.0659,39.176514000000005,1508.2592403888702,30.292439,16.892696,11.177054,18.83783745346276,,0.11,0.9999955,17.261364,80.32744,2.5763729,4180,32.55215,,13.590239000000002,14.006056,-855.46606
209,245.1527,17.261364,,-0.19,1.1673938,10.80917,210,-0.958,17.063475,35.242073,1522.07257437706,31.715908000000002,19.936481,11.170504,18.83174967847889,,0.11,0.9999955,17.261364,83.648026,2.930765,4200,33.707462,,13.606778,9.875478999999999,-846.9752
210,208.90259,17.261364,,-0.202,0.9900597,10.804419000000001,211,-0.967,17.063894,29.911270000000002,1529.9823701381686,28.481562,16.893539999999998,11.201749000000001,18.839895063327575,,0.11,0.9999955,17.261364,70.12099,2.9791734,4220,20.552794,,13.623161999999999,17.6659,-846.9422599999999
211,153.83148,17.261364,,-0.151,0.7256201999999999,10.799691000000001,212,-0.909,17.060164999999998,39.863308,1542.3456270694733,25.851795000000003,12.448445,11.197316,18.827264791099914,,0.11,0.9999955,17.261364,59.724630000000005,2.575679,4240,0.3073616,,13.639375,10.320948,-824.6253
212,180.26265,17.261364,,-0.131,0.8463035,10.794985,213,-0.866,17.118942,31.305244000000002,1557.6486353874207,26.322527,14.502521,11.205663000000001,18.89842786574672,,0.11,0.9999955,17.261364,61.718925,2.920703,4260,20.600635999999998,,13.655710000000001,13.283054000000002,-812.3656599999999
213,185.07393000000002,17.261364,,-0.038,0.86483145,10.790301,214,-0.359,17.049702,19.955818,1570.3695447444916,24.480528,14.720965,11.203268,18.82630772023386,,0.11,0.9999955,17.261364,52.32033,3.5373232000000003,4280,5.904716e-07,,13.671569,10.883702,-655.03766
214,260.7564,17.261364,,-0.031,1.2128205,10.785639,215,-0.298,16.915726,18.323477,1585.7682807445526,28.267307000000002,20.50155,11.195235,18.68465634464837,3.2670884e-37,0.11,0.9999955,17.261364,58.656155000000005,4.445508,4300,18.182442,,13.68666,9.637636,-591.6322
215,209.75683999999998,17.261364,,-0.008,0.97109646,10.780998,216,-0.081,16.961788000000002,20.670734,1597.819611787796,24.190594,14.785453,11.206761,18.733057899697247,12.394926,0.11,0.9999955,17.261364,57.144740000000006,3.6706235,4320,4.9232566e-17,,13.701820999999999,13.505035000000001,-249.19492999999997
216,184.15755,17.261364,,-0.008,0.8486523000000001,10.832177,217,-0.079,16.197515,20.064783,1610.9773235321045,22.57121,12.869317,11.17523,17.910954941555072,9.675925999999999,0.11,0.9999955,17.261364,51.753643,3.5583494,4340,0.21099907,,13.713323,4.4243879999999995,-244.09134
217,209.7667,17.261364,,-0.012,0.96223253,10.871203,218,-0.115,15.253283999999999,33.99167,1626.294474363327,27.162628,15.293476,11.1866865,16.897361698727764,3.7552629,0.11,0.9999955,17.261364,72.11923,2.9086096,4360,0.008561965,,13.720386999999999,13.848958999999999,-301.69363
218,191.56152,17.261364,,-0.013,0.87471014,10.883706,219,-0.125,16.422813,32.016346,1638.6334686279295,25.633862,14.066312,11.199627,18.176097853805626,0.80069304,0.11,0.9999955,17.261364,64.18661999999999,2.9844463,4380,25.646074,,13.732726999999999,14.106489000000002,-317.05432
219,178.43219,17.261364,,-0.005,0.8110554,10.8828,220,-0.049,16.040024,48.572456,1651.8779895305634,25.388008,10.984036999999999,11.180786,17.755248067805304,0.047947567,0.11,0.9999955,17.261364,74.44754,2.3967507,4400,3.7373410000000005e-08,,13.743216,7.217324700000001,-200.0913
220,154.4827,17.261364,,-0.005,0.69901675,10.878483000000001,221,-0.05,15.154187,40.015625,1662.4392261505127,23.37729,9.510745,11.162382000000001,16.773112291080267,0.058513199999999994,0.11,0.9999955,17.261364,62.050180000000005,2.4896414,4420,2.1563529999999997,,13.749599,7.3517303,-200.03748000000002
221,220.3829,17.261364,,-0.004,0.9927158000000001,10.874233,222,-0.039,14.013716,37.728867,1676.0599961280825,24.919813,13.045232,11.178613,15.534262582862315,0.0021067394,0.11,0.9999955,17.261364,75.80382,2.9072797,4440,8.399882,,13.75079,15.10034,-186.18631000000002
222,217.6271,17.261364,,-0.004,0.9759063,10.869748,223,-0.038,12.414632000000001,32.783627,1685.0139079093933,23.942787,12.739785000000001,11.206195,13.713565883028364,0.0015397498999999999,0.11,0.9999955,17.261364,70.622375,3.0815604,4460,17.956375,,13.744798000000001,17.3883,-184.23245
223,220.20404,17.261364,,-0.004,0.98305374,10.865281,224,-0.038,14.444849,28.611382,1696.1737534999847,23.56393,12.997674,11.20316,15.972827529023176,0.0017759906,0.11,0.9999955,17.261364,67.39712,3.267262,4480,23.101759,,13.747923000000002,10.594586,-183.79056
224,229.56752000000003,17.261364,,-0.003,1.0203,10.860833999999999,225,-0.033,12.378893,25.889454,1710.1440873146055,23.607405,13.183696,11.20603,13.706148040738475,0.0002666023,0.11,0.9999955,17.261364,69.31506,3.3119428,4500,25.889454,,13.741838000000001,11.906277000000001,-177.26516999999998
225,210.95215,17.261364,,0.024,0.9334165999999999,10.856400500000001,226,0.239,11.880336,37.26963,1719.1853260993958,20.019892000000002,8.190097,11.224692999999998,13.125111598591376,,0.11,0.9999955,17.261364,72.28631,2.9182862999999997,4520,,,13.733602,15.445812,-267.94907
226,229.47683999999998,17.261364,,0.022,1.0109112,10.851986,227,0.216,8.780689,45.31814,1730.3344824314115,22.069329999999997,8.913306,11.110304,9.643080204306166,,0.11,0.9999955,17.261364,87.449715,2.6241004,4540,0.15443972,,13.711782000000001,-14.630142999999999,-243.17727999999997
227,157.95752,17.261364,,0.037,0.6927960999999999,10.84759,228,0.35,8.80418,37.730305,1743.7397863864899,21.184611999999998,5.9872417,11.126599,9.67124875165755,,0.11,0.9999955,17.261364,69.535034,2.271625,4560,1.193204e-10,,13.690257,14.879743,-370.77493
228,231.46194,17.261364,,0.052,1.0107509,10.843214,229,0.479,8.647369,69.100525,1759.5443043708801,25.703426,8.653552000000001,11.097641000000001,9.496126404962869,,0.11,0.9999955,17.261364,114.31303,2.0248082,4580,0.09443,,13.668235000000001,4.842318,-456.7585
229,220.75057999999999,17.261364,,-0.062,0.9597851000000001,10.838857,230,-0.555,8.542633,19.664127,1770.1181724071505,24.244022,16.414935999999997,11.102841,9.382064798523695,,0.11,0.9999955,17.261364,50.061966,4.409547,4600,,,13.64595,12.387225,-766.1569999999999
230,295.3745,17.261364,,-0.029,1.2786776000000002,10.834518,231,-0.282,16.714085,19.003714000000002,1785.0701661109924,28.838440000000002,21.60141,10.991082,18.48711168484681,1.8236160999999997e-32,0.11,0.9999955,17.261364,61.919613,4.77029,4620,,,13.659232000000001,-14.652757999999999,-578.4957
231,196.17096,17.261364,,-0.001,0.8455645,10.830198,232,-0.011,16.939407,41.247803000000005,1794.5581538677216,22.347282,9.309171000000001,10.998928999999999,18.70958671362214,1.1867366000000002e-08,0.11,0.9999955,17.261364,74.08739,2.6478322,4640,8.013555000000001e-38,,13.673371,12.565169000000001,-163.94872
232,191.16025,17.261364,,-0.015,0.8204302,10.825897,233,-0.15,14.150791,25.513828,1813.1041135787964,23.949548999999998,13.368882000000001,10.948486,15.641589210067675,0.0026023332,0.11,0.9999955,17.261364,58.587574,3.2628121,4660,2.2047229999999998e-26,,13.675421,-0.5554555,-366.00638
233,216.37722999999997,17.261364,,-0.012,0.924689,10.821626,234,-0.124,15.962237,29.267906,1824.365340232849,25.194933,14.835694,10.946285000000001,17.684625988605028,1.1015253,0.11,0.9999955,17.261364,64.92834,3.3325546000000004,4680,17.015854,,13.685193,10.640692999999999,-319.3294
234,246.8229,17.261364,,-0.01,1.0503103,10.822058,235,-0.1,15.977243,22.655537,1839.8090798854828,24.908768,16.464996,10.945383,17.695223006196326,14.650647,0.11,0.9999955,17.261364,60.369395999999995,4.0885434,4700,18.79181,,13.694947,10.843783,-277.9831
235,249.8939,17.261364,,-0.011,1.0588725,10.878288000000001,236,-0.11,15.271695000000001,25.346127,1855.2562503814695,25.783860999999998,16.723738,10.9521885,16.922305958493787,6.7143774,0.11,0.9999955,17.261364,65.582,3.8104038,4720,25.346127,,13.701626999999998,12.530771000000001,-293.30856
236,293.94406000000004,17.261364,,-0.03,1.2402703000000002,10.902114,237,-0.294,16.22395,17.20811,1869.1507749557493,28.236933,20.9684,10.932449,17.956744007573054,4.8359115999999996e-36,0.11,0.9999955,17.261364,61.887997,4.7496133,4740,8.928148e-15,,13.712271,6.249414,-580.5743
237,251.38047999999998,17.261364,,-0.033,1.0562205,10.897903,238,-0.315,16.781822000000002,15.600782999999998,1879.6333816051485,25.171938,17.88181,10.92152,18.545962892228715,,0.11,0.9999955,17.261364,53.08375,4.7355447,4760,0.5656707,,13.725167,8.121482,-601.1216
238,223.3625,17.261364,,0.0,0.93457115,10.89371,239,0.002,16.990915,43.355476,1890.6298270225525,22.074205,9.344455,10.930480000000001,18.76402606975791,9.217601e-12,0.11,0.9999955,17.261364,82.36166,2.7119720000000003,4780,,,13.738832,13.029059,-150.85966000000002
239,309.42663999999996,17.261364,,0.002,1.2892777,10.889535,240,0.022,12.513987,42.147873,1901.3974919319155,23.58207,11.912783000000001,10.823236,13.715163466522085,9.610918e-18,0.11,0.9999955,17.261364,104.59164,2.9584262000000003,4800,6.7202503999999995e-06,,13.733728,-14.690672,-139.54185
240,258.97873,17.261364,,0.001,1.0746006000000001,10.885377,241,0.013,9.319414,52.864746,1915.477895975113,22.859413,10.078745,10.833497999999999,10.230214564925603,9.855491e-15,0.11,0.9999955,17.261364,95.87659000000001,2.7011676,4820,48.3496,,13.715411999999999,13.090803,-143.37163
241,284.33212000000003,17.261364,,0.002,1.1749261999999998,10.881236,242,0.016,9.286764,40.299521999999996,1930.0977129936216,21.901981,10.93565,10.847329,10.205800302279297,9.157842e-16,0.11,0.9999955,17.261364,90.31965,3.1480650000000003,4840,27.865509000000003,,13.697111999999999,14.174628,-140.99233999999998
242,285.63192999999995,17.261364,,0.005,1.1754401,10.877112,243,0.053,9.343595500000001,57.68435699999999,1947.5765557289124,25.044508,10.697393,10.85099,10.272936922492374,1.2326055999999999e-28,0.11,0.9999955,17.261364,118.70423000000001,2.4062487999999997,4860,0.03476238,,13.679195000000002,11.623536999999999,-131.57321000000002
243,147.72238000000002,17.261364,,0.007,0.6054196,10.873006,244,0.066,9.188971,86.467636,1962.7291505336761,26.975695,5.5033307,10.84041,10.089288850920477,3.152005e-34,0.11,0.9999955,17.261364,91.88002,1.6077749,4880,10.462558999999999,,13.660792,8.196889,-131.92671
244,182.45909,17.261364,,0.007,0.744731,10.868916,245,0.068,9.142609,70.04306,1976.2250001430511,25.05864,6.780180499999999,10.822416,10.03420871576003,6.191011999999998e-35,0.11,0.9999955,17.261364,96.60509,1.888711,4900,62.370026,,13.642351000000001,6.8829246,-131.60306
245,277.19818,17.261364,,0.003,1.1268219,10.864842,246,0.028,9.066656,40.592940000000006,1992.6923432350159,21.247526,10.390526,10.826286999999999,9.958910017064026,9.038572e-20,0.11,0.9999955,17.261364,87.17563,3.179767,4920,8.093014e-08,,13.623752,12.094305,-133.82996
246,293.68152000000003,17.261364,,0.003,1.188994,10.8607855,247,0.027,9.172075,33.44429,2010.225125551224,21.015137,10.965177,10.834178999999999,10.074846256341036,2.2989326999999996e-19,0.11,0.9999955,17.261364,85.49403000000001,3.4351112999999995,4940,31.845422999999997,,13.605728,12.704432,-133.61513
247,280.6452,17.261364,,0.002,1.1316339,10.856745,248,0.019,9.197104,28.861452000000003,2025.3574650287628,20.250996,10.497002,10.853485000000001,10.105342679311457,1.3461085e-16,0.11,0.9999955,17.261364,79.29302,3.5393429,4960,13.734542999999999,,13.587952,15.487304,-136.3373
248,222.23691000000002,17.261364,,-0.003,0.8925177,10.852721,249,-0.025,9.7402935,34.847305,2044.9235501289368,21.88129,11.183674,10.872399,10.738488731154325,1.2665758e-05,0.11,0.9999955,17.261364,68.86493,3.2271419999999997,4980,9.192393000000001e-11,,13.572498999999999,15.477166,-167.80193
249,236.19687000000002,17.261364,,0.026,0.9447875,10.848713,250,0.252,12.502784,34.615809999999996,2059.390186548233,20.066742,8.272938,10.877749,13.757977741747869,,0.11,0.9999955,17.261364,80.690605,2.9271917000000003,5000,,,13.568221,12.351299000000001,-280.54684
250,225.32706000000002,17.261364,,0.026,0.89771736,10.844721,251,0.251,8.779706,30.609793,2074.619202852249,19.018888,7.8628826,10.80856,9.641017416023843,,0.11,0.9999955,17.261364,72.81435,3.0945419999999997,5020,12.26095,,13.549142999999999,-6.3873916,-278.504
251,233.00807000000003,17.261364,,0.017,0.92463523,10.840745,252,0.172,8.777019500000002,84.09689,2087.8352870941158,26.67582,8.21835,10.80751,9.642236835904004,,0.11,0.9999955,17.261364,124.57705,1.8703933000000001,5040,7.859612e-07,,13.530206,10.683556,-196.15758
252,121.71091000000001,17.261364,,0.016,0.48107079999999997,10.836784,253,0.157,8.87927,54.114864000000004,2102.1755335330968,23.488014,4.2895527,10.828969,9.753064604706413,,0.11,0.9999955,17.261364,67.68474599999999,1.7982029,5060,2.594332,,13.511822,16.411959,-181.40896999999998
253,277.2174,17.261364,,0.011,1.0914071,10.83284,254,0.11,8.910428999999999,64.10165,2114.362871170044,24.777225,9.815443,10.8276005,9.785282326868343,,0.11,0.9999955,17.261364,120.143074,2.307394,5080,4.884956400000001e-08,,13.493706,11.0301895,-145.04453
254,198.93188,17.261364,,0.006,0.780125,10.828911,255,0.064,8.996874,43.19242,2128.897569656372,21.082537,7.099005,10.815522999999999,9.881763480483317,2.1822237e-33,0.11,0.9999955,17.261364,80.57794,2.4688132,5100,1.2899753999999999e-08,,13.476072,7.752451400000001,-128.25325
255,285.75702,17.261364,,0.009,1.1162383999999999,10.824997,256,0.088,9.0596285,52.870180000000005,2142.324558019638,23.485016,10.083114,10.793671,9.950182449152091,,0.11,0.9999955,17.261364,110.93236999999999,2.575957,5120,0.041650366,,13.458820000000001,5.4846010000000005,-133.15955
256,320.96299999999997,17.261364,,0.002,1.2488834,10.821098,257,0.024,9.027341999999999,26.646953999999997,2158.3297324180608,20.587822,11.581521,10.803945,9.914714003703132,2.7909895e-18,0.11,0.9999955,17.261364,83.73293000000001,3.8331754,5140,3.5565908e-23,,13.441576999999999,13.399576999999999,-133.98012
257,210.14655,17.261364,,0.01,0.8145215,10.817214,258,0.098,9.3948965,54.346252,2175.0724322795872,20.490917,7.344618,10.808342,10.338164608561344,,0.11,0.9999955,17.261364,80.02408,2.6260414,5160,2.760496e-32,,13.425892999999999,11.737949,-136.62518
258,224.92907999999997,17.261364,,-0.061,0.868452,10.813346000000001,259,-0.547,9.0402775,22.762087,2191.7073321342473,22.915905,14.851583999999999,10.789338,9.927060876196323,,0.11,0.9999955,17.261364,52.54221,4.2809215,5180,,,13.408959,6.113208,-786.053
259,284.19794,17.261364,,-0.095,1.093069,10.809492,260,-0.739,16.63887,23.511570000000003,2207.1446390151973,26.755814,18.68623,10.690453999999999,18.40772640712799,,0.11,0.9999955,17.261364,66.43043,4.278129,5200,3.689890999999999e-27,,13.421382000000001,-14.771022,-823.3226
260,293.60143999999997,17.261364,,-0.031,1.1249098,10.805653999999999,261,-0.299,17.099888,16.950115,2222.2927360534673,26.132698,19.024176,10.71165,18.87949409392752,1.6756181999999997e-37,0.11,0.9999955,17.261364,60.45503000000001,4.8565264,5220,9.172681999999999e-05,,13.435475,16.159111,-612.3939
261,312.81097,17.261364,,-0.029,1.193935,10.801829,262,-0.281,16.991375,17.654434,2239.2022306919102,26.841064000000003,20.173082,10.73472,18.765584821151442,3.3255032e-32,0.11,0.9999968000000001,17.261364,60.418682,5.177388,5240,14.938123999999998,,13.449048000000001,16.654894,-586.326
262,245.78104,17.261364,,0.051,0.93452865,10.79802,263,0.468,17.04394,64.787766,2255.934534788132,23.240374,7.999728999999999,10.754502,18.818443515622107,,0.11,0.9999968000000001,17.261364,108.50421000000001,2.265175,5260,,,13.462717000000001,15.767478,-450.7411
263,206.67773,17.261364,,0.064,0.78287023,10.794225,264,0.568,8.82071,48.159176,2272.019059181213,22.377945,6.695434599999999,10.657232,9.66715501575531,,0.11,0.9999968000000001,17.261364,93.88671,2.2013523999999998,5280,,,13.445134,-14.786289000000002,-497.7094
264,203.5807,17.261364,,0.149,0.76822907,10.790444,265,0.906,8.509333,65.22495,2286.9658558368687,22.201756,6.5585995,10.657468,9.344999271589876,,0.11,0.9999968000000001,17.261364,92.24776999999999,2.20689,5300,65.22495,,13.426507999999998,10.99184,-610.5916
265,241.39807000000002,17.261364,,0.165,0.90751153,10.786677000000001,266,0.93,8.480233,64.35483599999999,2298.0820291042332,22.251278,7.734667999999999,10.636502,9.313340586991586,,0.11,0.9999968000000001,17.261364,101.506516,2.3781536,5320,64.35483599999999,,13.407913,5.3650517,-619.35785
266,240.5162,17.261364,,0.169,0.90080976,10.782926,267,0.936,8.535378999999999,52.01615,2312.494764328003,20.836645,7.680352,10.64815,9.378424046678301,,0.11,0.9999968000000001,17.261364,91.6585,2.6240468,5340,31.072855,,13.389664000000002,13.902138,-620.0321700000001
267,231.62682,17.261364,,0.172,0.86427915,10.779187,268,0.939,8.556157,43.699017,2327.904350042343,19.647867,7.371817999999999,10.646312,9.400307134301373,,0.11,0.9999968000000001,17.261364,82.36494,2.8122017,5360,17.796972,,13.371629,10.306412,-619.2943
268,242.2535,17.261364,,0.173,0.90057063,10.775462,269,0.941,8.514876,37.713524,2343.691213846207,19.173334,7.680334599999999,10.650205,9.349679728658725,,0.11,0.9999968000000001,17.261364,80.64888,3.003805,5380,32.443490000000004,,13.353573999999998,11.870984,-618.0541
269,246.29341000000002,17.261364,,0.174,0.9121978000000001,10.771752000000001,270,0.943,8.532109,33.199646,2360.6414024829865,18.614708,7.7804210000000005,10.665499,9.37183622292941,,0.11,0.9999968000000001,17.261364,77.2944,3.1864326000000003,5400,25.055185,,13.335717,14.919209,-616.4034
270,250.86283999999998,17.261364,,0.175,0.92569315,10.768055,271,0.944,8.527903,29.674084000000004,2375.741191625595,18.187462,7.895842999999999,10.668747,9.364426245783566,,0.11,0.9999968000000001,17.261364,74.78508000000001,3.3544504999999996,5420,23.936523,,13.317976000000002,11.670128,-614.5531
271,256.43985,17.261364,,0.176,0.94279355,10.764372,272,0.944,8.519421000000001,26.844078000000003,2394.26407289505,17.878176,8.041161,10.683043,9.354660338156659,,0.11,0.9999968000000001,17.261364,73.07078,3.509472,5440,23.721386,,13.300332999999998,14.66586,-612.6582
272,244.0438,17.261364,,0.176,0.8939333,10.760702,273,0.945,8.588378,24.522783,2414.245494842529,17.261470000000003,7.6257834,10.686747,9.432601504271831,,0.11,0.9999968000000001,17.261364,68.1154,3.5827989999999996,5460,4.910648,,13.283073000000002,11.784144,-610.7199
273,251.05092000000002,17.261364,,0.177,0.9162442,10.757046,274,0.946,8.494879,22.584328,2431.161726474762,17.083973,7.81353,10.688544,9.32860225133432,,0.11,0.9999968000000001,17.261364,67.4151,3.7239568,5480,22.010893,,13.265598,11.312936,-608.924
274,257.04413,17.261364,,0.178,0.9347059000000001,10.753403,275,0.947,8.485729,20.940720000000002,2444.549830198288,16.910782,7.9680886,10.682302,9.322434251276519,,0.11,0.9999968000000001,17.261364,66.58416,3.8604394999999996,5500,20.650676999999998,,13.248218,9.082939,-607.2718
275,257.99915,17.261364,,0.179,0.9347795,10.749773,276,0.948,8.539147999999999,19.529875,2458.654728651047,16.607956,7.969786599999999,10.691516,9.381446525675473,,0.11,0.9999968000000001,17.261364,64.55575,3.9965324,5520,15.209816,,13.231155,13.316967000000002,-605.4551
276,259.92975,17.261364,,0.18,0.9383745000000001,10.746157,277,0.948,8.537506,18.305338,2474.4172484874725,16.364929999999998,8.001319,10.717948,9.377152304859132,,0.11,0.9999968000000001,17.261364,62.971596,4.127730000000001,5540,15.283739,,13.214210500000002,18.10274,-603.54974
277,253.4647,17.261364,,0.18,0.9117434999999999,10.742553,278,0.949,8.579891,17.23253,2491.624593257904,15.964359,7.775630499999999,10.7233515,9.42607248215306,,0.11,0.9999968000000001,17.261364,60.121376,4.2158833,5560,6.1912694,,13.197539,12.305166999999999,-601.6007
278,251.12243999999998,17.261364,,0.18,0.90008044,10.738961999999999,279,0.949,8.571519,16.285252,2507.55433177948,15.652867,7.677789999999999,10.737555,9.412891595749553,,0.11,0.9999968000000001,17.261364,58.011658,4.3288269999999995,5580,9.134871,,13.18096,14.794695,-599.5744
279,250.65694,17.261364,,0.18,0.89520335,10.735384,280,0.949,8.558374,15.44214,2524.763516664505,15.401869,7.6374197,10.74126,9.402407067282663,,0.11,0.9999968000000001,17.261364,56.37483,4.446256,5600,10.163742,,13.164451000000001,11.893993,-597.4846
280,250.69395,17.261364,,0.18,0.8921493,10.731819,281,0.949,8.561941000000001,14.687278,2541.852956533432,15.180643,7.6126437000000005,10.755061999999999,9.403176025874158,,0.11,0.9999968000000001,17.261364,54.9566,4.5616712999999995,5620,10.020941,,13.148071,14.742064000000001,-595.2976
281,254.74539,17.261364,,0.181,0.90335244,10.728267,282,0.949,8.5064945,14.00741,2554.8592031002045,15.092863000000001,7.7071533,10.773217,9.344270381106334,,0.11,0.9999968000000001,17.261364,54.49961999999999,4.674259999999999,5640,13.486297,,13.131611999999999,15.999976,-593.1895
282,258.2298,17.261364,,0.181,0.9124728000000001,10.724727,283,0.95,8.505232000000001,13.391986,2573.2059798240657,14.999172,7.783942999999999,10.749638000000001,9.342460291454746,,0.11,0.9999968000000001,17.261364,53.969868000000005,4.784703299999999,5660,12.717594,,13.115264000000002,4.2131620000000005,-591.1571
283,259.1545,17.261364,,0.181,0.9125158999999999,10.7212,284,0.95,8.553559,12.832071000000001,2589.601113319397,14.840403,7.7852697,10.759952,9.394204318110262,,0.11,0.9999968000000001,17.261364,52.961330000000004,4.893278,5680,9.932891999999999,,13.099202,13.781894,-589.0189
284,261.06195,17.261364,,0.181,0.91600686,10.717685000000001,285,0.95,8.542259,12.320574,2606.484006881714,14.720365,7.815589,10.773871,9.381734246660514,,0.11,0.9999968000000001,17.261364,52.214127000000005,4.9998336,5700,10.531694,,13.083213,14.829904999999998,-586.8919
285,263.82767,17.261364,,0.181,0.9224744,10.714182000000001,286,0.95,8.520941,11.851461,2620.645698785782,14.6358595,7.870464,10.790897,9.359595905453519,,0.11,0.9999968000000001,17.261364,51.70213,5.1028395,5720,11.100933,,13.067261,15.742217000000002,-584.77637
286,264.38552999999996,17.261364,,0.181,0.9212039000000001,10.710691,287,0.95,8.555845,11.419683000000001,2632.857757806778,14.495363000000001,7.860469999999999,10.781372,9.395084543157347,,0.11,0.9999968000000001,17.261364,50.81203,5.2032074999999995,5740,8.685728,,13.051541,8.148969000000001,-582.70294
287,266.6097,17.261364,,0.181,0.92572814,10.707213000000001,288,0.95,8.5304165,11.021049,2648.893010139465,14.40996,7.899103,10.794345,9.37038432351001,,0.11,0.9999968000000001,17.261364,50.28158,5.3023334,5760,10.026409,,13.035843,14.609748000000002,-580.60156
288,269.07333,17.261364,,0.181,0.9310495999999999,10.703747,289,0.95,8.520957000000001,10.651703,2669.555210828781,14.338588,7.944199,10.80696,9.358071662608547,,0.11,0.9999968000000001,17.261364,49.83846,5.3989096,5780,10.059932,,13.020221000000001,14.527474,-578.5343
289,271.9606,17.261364,,0.181,0.93779516,10.700292999999999,290,0.95,8.482033,10.308612,2686.8452141284947,14.285629,8.000057,10.804751,9.315700371381627,,0.11,0.9999968000000001,17.261364,49.516014,5.492376999999999,5800,10.308155000000001,,13.004571,10.247929,-576.496
290,274.6828,17.261364,,0.181,0.94392717,10.696850999999999,291,0.95,8.475073,10.007265,2700.925169467926,14.232601,8.050549499999999,10.789094,9.310353133726473,,0.11,0.9999968000000001,17.261364,49.187977000000004,5.584348,5820,10.007265,,12.989006,6.3236303,-574.5761
291,276.2429,17.261364,,0.181,0.9460373,10.69342,292,0.95,8.531028,9.707763,2713.299685239792,14.150526000000001,8.068710000000001,10.78081,9.372816135907794,,0.11,0.9999968000000001,17.261364,48.665283,5.676385,5840,8.709268,,12.97374,8.438857,-572.6389
292,276.28598,17.261364,,0.181,0.94295555,10.6900015,293,0.95,8.562363000000001,9.42758,2729.85288143158,14.032095000000002,8.043313000000001,10.777621,9.403799906151603,,0.11,0.9999968000000001,17.261364,47.92832,5.764566,5860,6.999200999999999,,12.958684,9.911978,-570.64404
293,278.8559,17.261364,,0.181,0.9484894,10.686594,294,0.95,8.461491,9.272806,2746.153481960297,13.987904,8.088444,10.7783985,9.293083097644164,,0.11,0.9999968000000001,17.261364,47.652640000000005,5.8518457,5880,9.272806,,12.943387,11.074555,-568.779
294,280.51367,17.261364,,0.181,0.9508938,10.683199,295,0.95,8.53252,9.019953,2765.481530189514,13.921744,8.109169999999999,10.797618,9.372148258656342,,0.11,0.9999968000000001,17.261364,47.229946000000005,5.939318,5900,8.246862,,12.928435,16.511011,-566.8847
295,282.77045,17.261364,,0.182,0.9553056000000001,10.679814,296,0.95,8.476127,8.781879,2782.68514919281,13.875882999999998,8.145352,10.791219,9.31134683974601,,0.11,0.9999968000000001,17.261364,46.937909999999995,6.024351,5920,8.690764999999999,,12.913394,8.963119,-565.08466
296,284.48907,17.261364,,0.182,0.95787567,10.676442,297,0.951,8.519769,8.557692999999999,2804.032162666321,13.81831,8.167167,10.7782955,9.355438590930595,,0.11,0.9999968000000001,17.261364,46.568979999999996,6.108982,5940,8.037035000000001,,12.898601,7.0088525,-563.29706
297,285.9557,17.261364,,0.182,0.95958287,10.67308,298,0.951,8.5318,8.346214,2817.247824907303,13.756844500000001,8.181937,10.787719000000001,9.371741042816275,,0.11,0.9999968000000001,17.261364,46.177593,6.1925206,5960,7.649062599999999,,12.883946,13.638703,-561.4834599999999
298,287.87192000000005,17.261364,,0.182,0.9627823,10.66973,299,0.951,8.499499,8.145926,2833.3736934661865,13.710853,8.208568,10.805434,9.335151010010392,,0.11,0.9999968000000001,17.261364,45.881465999999996,6.274253,5980,7.9587517000000005,,12.869283,16.135021,-559.6916
299,289.22472999999997,17.261364,,0.183,0.9640824,10.666391,300,0.951,8.530738000000001,7.956406599999999,2847.185564994812,13.651821,8.219838000000001,10.798847,9.370206752542835,,0.11,0.9999968000000001,17.261364,45.508102,6.355455999999999,6000,7.2831697,,12.854821000000001,8.876472,-557.9222
300,289.9176,17.261364,,0.183,0.9631814000000001,10.663064,301,0.952,8.551628,7.776678599999999,2865.7585978508,13.577492000000001,8.2127695,10.798294,9.394488413931937,,0.11,0.9999968000000001,17.261364,45.052273,6.435137999999999,6020,6.4915886,,12.840525,10.678252,-556.1306
301,291.3883,17.261364,,0.183,0.9648619,10.659747,302,0.952,8.529766,7.606006599999999,2883.253605365753,13.526932999999998,8.227231,10.82455,9.370133913178623,,0.11,0.9999968000000001,17.261364,44.732014,6.5140886,6040,7.117502,,12.82625,18.773378,-554.3156
302,293.16418,17.261364,,0.183,0.96753854,10.656441000000001,303,0.952,8.492872,7.443757000000001,2905.6767196655273,13.486694,8.249291,10.8378935,9.330715535946132,,0.11,0.9999968000000001,17.261364,44.475605,6.591572800000001,6060,7.3091235,,12.811949,14.912091,-552.5489
303,294.54877,17.261364,,0.183,0.9689104,10.653146000000001,304,0.952,8.530397,7.289339999999999,2923.446072101593,13.438079,8.26114,10.845916,9.367382990260527,,0.11,0.9999968000000001,17.261364,44.169773,6.668559599999999,6080,6.8225136,,12.797864,13.318081,-550.79553
304,294.40662000000003,17.261364,,0.184,0.9652675999999999,10.649861999999999,305,0.952,8.571034,7.142069,2941.0993192195892,13.351674,8.230893,10.855724,9.415184204080596,,0.11,0.9999968000000001,17.261364,43.669544,6.741692,6100,5.1889386,,12.784007,13.877381,-549.01495
305,295.9005,17.261364,,0.184,0.9669950999999999,10.646589,306,0.953,8.522616000000001,7.001531,2957.142158269882,13.309897,8.245579,10.875147,9.361690614392336,,0.11,0.9999968000000001,17.261364,43.40719,6.816855,6120,6.669842999999999,,12.770081,16.842684,-547.2411
306,296.27914,17.261364,,0.184,0.96507865,10.643326,307,0.953,8.5629015,6.8672813999999995,2975.8036122322083,13.240369,8.229925,10.882105000000001,9.406741872993633,,0.11,0.9999968000000001,17.261364,43.000370000000004,6.8901534,6140,5.4619265,,12.756376,13.052296,-545.41046
307,297.29907000000003,17.261364,,0.184,0.96525675,10.640074,308,0.953,8.546437,6.7389083,2992.932805299759,13.189342499999999,8.231854,10.894017,9.389733271266273,,0.11,0.9999968000000001,17.261364,42.69236,6.9637537,6160,5.9757705,,12.742707000000001,14.594075,-543.5865
308,298.94226000000003,17.261364,,0.184,0.9674507,10.636832,309,0.953,8.49823,6.6160326000000005,3013.0755054950714,13.156460000000001,8.249981,10.893049000000001,9.330442116819803,,0.11,0.9999968000000001,17.261364,42.486614,7.036152,6180,6.49777,,12.728971000000001,10.637086,-541.78687
309,299.13397000000003,17.261364,,0.184,0.9649483,10.633600999999999,310,0.953,8.570616000000001,6.498309,3029.455972194672,13.087394,8.229377000000001,10.90728,9.414167401728415,,0.11,0.9999968000000001,17.261364,42.09395,7.106341400000001,6200,4.971547599999999,,12.715557,15.345468499999999,-539.9845
310,300.1675,17.261364,,0.184,0.96516883,10.630381,311,0.953,8.543076,6.38542,3045.360746860504,13.041328,8.231572,10.901969,9.38605829310159,,0.11,0.9999968000000001,17.261364,41.81978,7.1776447,6220,5.694262,,12.702141000000001,9.297481,-538.2127
311,301.36572,17.261364,,0.184,0.9659158000000001,10.627171,312,0.953,8.540123,6.2770715,3062.163848400116,13.001118,8.238197,10.912277,9.380858815870551,,0.11,0.9999968000000001,17.261364,41.577847,7.248228,6240,5.7698849999999995,,12.688801,14.160654999999998,-536.4367
312,302.94907,17.261364,,0.184,0.9678884,10.623971000000001,313,0.953,8.497263,6.1729984,3078.5499827861786,12.972142999999999,8.254446000000002,10.928834,9.333682328690037,,0.11,0.9999968000000001,17.261364,41.399456,7.317706599999999,6260,6.074652700000001,,12.675409,16.13569,-534.6655
313,304.5609,17.261364,,0.184,0.96993923,10.620781,314,0.953,8.479923,6.07295,3095.2173528671265,12.944861999999999,8.271044999999999,10.939821,9.3123092492062,,0.11,0.9999968000000001,17.261364,41.232616,7.386408,6280,6.0388345999999995,,12.662048,14.417951,-532.96686
314,306.11658,17.261364,,0.184,0.97179866,10.617600999999999,315,0.953,8.483661999999999,5.976694,3110.9884901046753,12.917231,8.286116999999999,10.943049,9.319105450056654,,0.11,0.9999968000000001,17.261364,41.06456,7.4545197,6300,5.921728,,12.648783,11.993986999999999,-531.3063
315,307.5568,17.261364,,0.184,0.97328097,10.614431,316,0.953,8.506501,5.883994599999999,3126.463874578476,12.887907,8.2984295,10.949409,9.343306459252556,,0.11,0.9999968000000001,17.261364,40.886837,7.5221467,6320,5.7457465999999995,,12.635675,12.987383,-529.66345
316,307.44812,17.261364,,0.184,0.9698679,10.611272,317,0.953,8.574629,5.7947169999999995,3143.550269842148,12.820871,8.269995,10.957279,9.421283963873904,,0.11,0.9999968000000001,17.261364,40.528618,7.585951299999999,6340,4.1346636,,12.622865,13.477931,-528.0073
317,308.66,17.261364,,0.184,0.9706289,10.608122999999999,318,0.953,8.536055000000001,5.7087092,3161.748342752457,12.787894999999999,8.276675,10.961911,9.374508771764463,,0.11,0.9999968000000001,17.261364,40.333816999999996,7.6526356,6360,5.3530254,,12.610012,12.466742,-526.3083
318,309.56625,17.261364,,0.184,0.97042716,10.604983,319,0.953,8.555264999999999,5.6256685,3178.2108085155487,12.748087,8.275428999999999,10.976861999999999,9.396842535703344,,0.11,0.9999968000000001,17.261364,40.106453,7.7186145999999995,6380,4.9831389999999995,,12.5973015,15.766895000000002,-524.6039400000001
319,311.03442,17.261364,,0.184,0.9719825999999999,10.601853,320,0.953,8.499499,5.545506,3190.599400281906,12.723434,8.288246000000001,10.992268,9.331304359200516,,0.11,0.9999968000000001,17.261364,39.959076,7.7838244,6400,5.474238400000001,,12.584496000000001,15.942552,-522.9094
320,312.01974,17.261364,,0.184,0.97202414,10.598733,321,0.953,8.546445,5.4680767,3205.160420894623,12.687451,8.28893,10.989431,9.388331523427084,,0.11,0.9999968000000001,17.261364,39.754259999999995,7.848712,6420,4.9390626,,12.571916,10.116004,-521.24396
321,312.73505,17.261364,,0.184,0.9712269,10.595622,322,0.953,8.560258000000001,5.3932400000000005,3222.7144889831543,12.645592,8.282632000000001,10.98718,9.401569333034136,,0.11,0.9999968000000001,17.261364,39.52325,7.912685400000001,6440,4.6047139999999995,,12.559458,10.298418,-519.58844
322,314.04834,17.261364,,0.184,0.97228587,10.592522,323,0.953,8.52337,5.3208685,3240.265202522278,12.61972,8.291619,10.998700999999999,9.360500145962881,,0.11,0.9999968000000001,17.261364,39.37212,7.976414,6460,5.133418,,12.546963,14.743332999999998,-517.9291400000001
323,315.3487,17.261364,,0.184,0.97329843,10.589431,324,0.953,8.522784,5.2508454,3256.744818925857,12.59428,8.300203,11.011913,9.360833743847527,,0.11,0.9999968000000001,17.261364,39.224354,8.039615,6480,5.0692687,,12.534541,15.3129835,-516.2783
324,316.77527000000003,17.261364,,0.184,0.9746931000000001,10.586349,325,0.953,8.4851885,5.183053,3273.924120903015,12.572401,8.31145,11.016048,9.318068123549708,,0.11,0.9999968000000001,17.261364,39.097836,8.102117999999999,6500,5.145397,,12.522082000000001,12.38842,-514.6466
325,317.72083,17.261364,,0.184,0.9746038,10.583277,326,0.953,8.552963,5.117390599999999,3292.0094122886658,12.539558,8.311079,11.025112,9.393712531683894,,0.11,0.9999968000000001,17.261364,38.915690000000005,8.164337,6520,4.6193295,,12.509908,14.001408999999999,-513.02026
326,318.90362999999996,17.261364,,0.184,0.97524047,10.580214,327,0.953,8.537208999999999,5.053755000000001,3310.85103058815,12.513408,8.316676,11.045154,9.375864238432118,,0.11,0.9999968000000001,17.261364,38.767296,8.226099000000001,6540,4.800379799999999,,12.497759,17.609272,-511.39275999999995
327,319.97424,17.261364,,0.184,0.9755312,10.577161,328,0.953,8.544523,4.992058,3328.727858304977,12.485107000000001,8.319417999999999,11.048239,9.383085785839349,,0.11,0.9999968000000001,17.261364,38.609734,8.287398,6560,4.6395545,,12.485706,12.087608,-509.7921
328,320.9925,17.261364,,0.184,0.9756611,10.574116,329,0.953,8.549553999999999,4.9322143,3349.398678302765,12.45619,8.320847,11.051966,9.387646568631595,,0.11,0.9999968000000001,17.261364,38.450443,8.348213000000001,6580,4.537191,,12.4737425,12.304224000000001,-508.20062
329,322.11572,17.261364,,0.184,0.97610825,10.571081,330,0.953,8.533891,4.874134,3367.8862206935883,12.430417,8.324760000000001,11.036638,9.373011402638653,,0.11,0.9999968000000001,17.261364,38.308,8.408576,6600,4.5923777,,12.461802,6.023567,-506.6377
330,323.4829,17.261364,,0.184,0.97728974,10.568055000000001,331,0.953,8.48347,4.8177433,3386.4753677845,12.410927000000001,8.334208,11.051642,9.31793874716918,,0.11,0.9999968000000001,17.261364,38.19944,8.468264,6620,4.790428599999999,,12.449783,16.032104,-505.0539
331,324.79395,17.261364,,0.184,0.978295,10.565039,332,0.953,8.504057000000001,4.762973000000001,3405.788336038589,12.390823,8.342466,11.077189,9.341066350517057,,0.11,0.9999968000000001,17.261364,38.087425,8.52759,6640,4.6957216,,12.4379,19.560944,-503.4691
332,324.3946,17.261364,,0.184,0.9741579,10.562032,333,0.953,8.586762,4.709755,3427.805821180344,12.331261,8.307733,11.072108,9.42950959991584,,0.11,0.9999968000000001,17.261364,37.80728,8.5802145,6660,2.946463,,12.426333999999999,9.412214,-501.9257
333,325.52338,17.261364,,0.184,0.9746209000000001,10.559033,334,0.953,8.540016,4.6580153,3446.9218833446503,12.308010000000001,8.311863,11.092895500000001,9.382010825897074,,0.11,0.9999968000000001,17.261364,37.680659999999996,8.639004,6680,4.40343,,12.414699,18.045583999999998,-500.36444000000006
334,326.3291,17.261364,,0.184,0.97411674,10.556044,335,0.953,8.564028,4.607705,3462.430864095688,12.277447,8.308016,11.107476,9.405793893571254,,0.11,0.9999968000000001,17.261364,37.521390000000004,8.697148,6700,4.039512,,12.403203999999999,16.007448,-498.81885
335,327.52443999999997,17.261364,,0.184,0.97477514,10.553061999999999,336,0.953,8.528171,4.558756,3478.350697994232,12.256808,8.313646,11.110158,9.367262285467104,,0.11,0.9999968000000001,17.261364,37.40961,8.755088,6720,4.3824034,,12.391671,12.03918,-497.29400000000004
336,328.72003,17.261364,,0.184,0.97543037,10.550091,337,0.953,8.530026,4.5111184,3500.564569234848,12.23669,8.319272999999999,11.11738,9.367149814323827,,0.11,0.9999968000000001,17.261364,37.301025,8.812627,6740,4.345567,,12.380212,13.574213,-495.77374000000003
337,330.03317000000004,17.261364,,0.184,0.9764295000000001,10.547128,338,0.953,8.494349,4.4647403,3523.3037259578705,12.219598,8.327364,11.138233999999999,9.329351191014217,,0.11,0.9999968000000001,17.261364,37.209297,8.869643,6760,4.4269924000000005,,12.368716000000001,18.194744,-494.24872
338,330.76153999999997,17.261364,,0.184,0.97569776,10.544174,339,0.953,8.564153999999998,4.4195685,3544.719995498657,12.189175,8.321546000000001,11.142237,9.40766893733325,,0.11,0.9999968000000001,17.261364,37.05567,8.92607,6780,3.8096516000000005,,12.357492,12.523586,-492.74982
339,331.9403,17.261364,,0.184,0.976295,10.541228,340,0.953,8.533575,4.3755627,3560.2460720539093,12.170057,8.326719,11.167569,9.372799774728794,,0.11,0.9999968000000001,17.261364,36.954174,8.982485,6800,4.216144,,12.346246,19.783855,-491.23812999999996
340,333.23236,17.261364,,0.184,0.9772209999999999,10.538292,341,0.953,8.494617,4.3326725999999995,3571.510681629181,12.153763,8.334204,11.176917999999999,9.32759009562608,,0.11,0.9999968000000001,17.261364,36.86848,9.038407000000001,6820,4.2956157,,12.334949499999999,14.383945,-489.75115999999997
341,334.4278,17.261364,,0.184,0.9778591,10.535363,342,0.953,8.52237,4.290858,3593.5265607833862,12.135767,8.339591,11.192722999999999,9.363382330480656,,0.11,0.9999968000000001,17.261364,36.774235,9.094078999999999,6840,4.1685824,,12.323802,16.609306,-488.2664
342,335.54974,17.261364,,0.184,0.9782791,10.532444,343,0.953,8.533905,4.250083,3611.806596517563,12.116462,8.343256,11.200460000000001,9.37544146279338,,0.11,0.9999968000000001,17.261364,36.67434,9.149442,6860,4.0632467000000005,,12.312754,13.872891000000001,-486.79834000000005
343,336.7577,17.261364,,0.184,0.97894675,10.529532000000001,344,0.953,8.516242,4.2103057,3630.9859490394592,12.099501,8.348823,11.207728999999999,9.354192405592178,,0.11,0.9999968000000001,17.261364,36.58661,9.204397,6880,4.116769000000001,,12.301718,13.727235,-485.3392
344,337.9089,17.261364,,0.184,0.9794461,10.526629,345,0.953,8.526144,4.1714897,3649.6542201042175,12.081609,8.353072000000001,11.209236,9.366325267008644,,0.11,0.9999968000000001,17.261364,36.49496,9.259056,6900,4.0300155,,12.290772,11.752448,-483.89435
345,338.79413,17.261364,,0.184,0.9791738000000001,10.523735,346,0.953,8.561909,4.133598999999999,3664.0230197906494,12.057945,8.351128,11.224857,9.402807802525556,,0.11,0.9999968000000001,17.261364,36.377426,9.313307,6920,3.7335087999999996,,12.279995,16.638845,-482.44388
346,339.9944,17.261364,,0.184,0.9798109,10.520849,347,0.953,8.51227,4.0966034,3680.038913011551,12.041853,8.356389,11.217655,9.348602743541695,,0.11,0.9999968000000001,17.261364,36.296009999999995,9.367267,6940,4.013791,,12.269136999999999,8.750200999999999,-481.02432000000005
347,341.23682,17.261364,,0.184,0.98056555,10.517971000000001,348,0.953,8.488067,4.060473,3698.089503288269,12.026873,8.362372,11.216101,9.32528867456756,,0.11,0.9999968000000001,17.261364,36.221424,9.4208555,6960,4.02781,,12.258272999999999,10.701431,-479.6073
348,342.3444,17.261364,,0.184,0.9809295,10.515102,349,0.953,8.539194,4.0251756,3717.947117090225,12.009466,8.365615,11.231612,9.376231999932562,,0.11,0.9999968000000001,17.261364,36.134223999999996,9.474242,6980,3.8664799,,12.247618,16.65263,-478.1815
349,343.1253,17.261364,,0.184,0.980358,10.51224,350,0.953,8.565902000000001,3.9906839999999995,3735.413470745087,11.984781,8.361133,11.245783,9.409792950545812,,0.11,0.9999968000000001,17.261364,36.015854,9.527063,7000,3.5111489999999996,,12.237098,16.214570000000002,-476.76535
350,342.499,17.261364,,0.184,0.9757806,10.509388000000001,351,0.953,8.595415,3.9569669000000003,3757.4319524765015,11.930117,8.322503,11.255085000000001,9.442162373339805,,0.11,0.9999968000000001,17.261364,35.791035,9.569407,7020,2.070146,,12.226723,14.533953,-475.36352999999997
351,343.63824,17.261364,,0.184,0.976245,10.506542999999999,352,0.953,8.53181,3.9240062000000004,3774.54344201088,11.914385000000001,8.326511,11.268638000000001,9.37348406002534,,0.11,0.9999968000000001,17.261364,35.71359,9.622059,7040,3.7846580000000003,,12.216225999999999,16.053816,-473.96367999999995
352,344.79287999999997,17.261364,,0.184,0.9767504000000001,10.503706,353,0.953,8.527252,3.8917692,3795.955576896668,11.899280000000001,8.330817999999999,11.277512,9.367509676903444,,0.11,0.9999968000000001,17.261364,35.63971,9.674402,7060,3.7740326,,12.205775,14.428301000000001,-472.5764
353,345.89536,17.261364,,0.184,0.9771055000000001,10.500877000000001,354,0.953,8.538442,3.860235,3812.839892148972,11.883316,8.333961,11.290374,9.379566560081784,,0.11,0.9999968000000001,17.261364,35.562244,9.726477000000001,7080,3.6967256,,12.195414999999999,15.857859,-471.19293
354,347.12924,17.261364,,0.184,0.97782886,10.498056,355,0.953,8.491971000000001,3.8293797999999994,3831.774815320969,11.870344000000001,8.339746,11.304495,9.328102087519966,,0.11,0.9999968000000001,17.261364,35.500484,9.778155,7100,3.8025808,,12.184983,16.32984,-469.81586
355,348.23382999999995,17.261364,,0.184,0.9781849,10.495242999999999,356,0.953,8.536625,3.7991881000000003,3851.442097425461,11.854975999999999,8.342877,11.311602,9.376185302916321,,0.11,0.9999968000000001,17.261364,35.42685,9.8296585,7120,3.6505922999999996,,12.174735,13.860176000000001,-468.45355
356,349.44788,17.261364,,0.184,0.9788456,10.492438,357,0.953,8.497762,3.7696297,3875.220687150955,11.842122999999999,8.348201,11.324203,9.334307006646824,,0.11,0.9999968000000001,17.261364,35.366375,9.880794999999999,7140,3.7356135999999998,,12.164434,15.835319,-467.09335
357,350.2854,17.261364,,0.184,0.97845083,10.489641,358,0.953,8.565316000000001,3.7406902,3894.9282925128937,11.821249,8.345189999999999,11.331302,9.40716078937511,,0.11,0.9999968000000001,17.261364,35.269882,9.931573,7160,3.3370292,,12.154382,13.890635999999999,-465.74645999999996
358,351.32122999999996,17.261364,,0.184,0.97861063,10.486852,359,0.953,8.549191,3.7123480000000004,3913.2871966362,11.805172,8.3467655,11.340784,9.388506362929556,,0.11,0.9999968000000001,17.261364,35.194534000000004,9.982266000000001,7180,3.5074742,,12.14434,14.760294,-464.4045
359,352.55115,17.261364,,0.184,0.9793086999999999,10.48407,360,0.953,8.473114,3.6845896000000002,3932.331107616425,11.793225999999999,8.352161,11.352996000000001,9.30766501760861,,0.11,0.9999968000000001,17.261364,35.140656,10.032572,7200,3.6774527999999997,,12.134142,15.761937,-463.0671
360,353.75347999999997,17.261364,,0.184,0.9799264999999999,10.481296,361,0.953,8.495885000000001,3.6573910000000005,3951.776022911072,11.781088,8.357115,11.351431,9.327410640087454,,0.11,0.9999968000000001,17.261364,35.085358,10.082653,7220,3.6294205,,12.124064,10.811966,-461.75085
361,354.90204,17.261364,,0.184,0.9803924,10.478530000000001,362,0.953,8.527199000000001,3.6307395,3970.661308526993,11.768208,8.361089999999999,11.372116,9.361963633681887,,0.11,0.9999968000000001,17.261364,35.026005,10.132530000000001,7240,3.5551807999999996,,12.114128,18.86277,-460.41967999999997
362,356.07068,17.261364,,0.184,0.98091096,10.475771,363,0.953,8.5075865,3.6046154,3989.897861719132,11.755842999999999,8.365323,11.374636,9.34521080169634,,0.11,0.9999968000000001,17.261364,34.970141999999996,10.182134,7260,3.5543196000000004,,12.104192,12.309896,-459.1139
363,357.27533,17.261364,,0.184,0.98152566,10.473021000000001,364,0.953,8.474571000000001,3.5790038,4007.769704580307,11.74423,8.370052000000001,11.374013,9.307518289485056,,0.11,0.9999968000000001,17.261364,34.919334,10.231447,7280,3.5701132000000007,,12.094221000000001,11.170378999999999,-457.81842
364,358.4519,17.261364,,0.184,0.98206,10.470277000000001,365,0.953,8.502084,3.5538925999999997,4028.692453861237,11.732439,8.374376,11.395878999999999,9.338188220995072,,0.11,0.9999968000000001,17.261364,34.867004,10.280548,7300,3.5228143,,12.084379,19.376839999999998,-456.50754000000006
365,359.5711,17.261364,,0.184,0.9824347,10.467541,366,0.953,8.527032,3.5292672999999994,4044.761804819107,11.719746,8.377583,11.404997,9.363910823064334,,0.11,0.9999968000000001,17.261364,34.81027,10.329455000000001,7320,3.4461246,,12.074659,14.754081,-455.2166
366,360.7241,17.261364,,0.184,0.9828994000000001,10.464812,367,0.953,8.512219,3.5051099999999997,4062.631551504135,11.707912,8.381414,11.426977,9.349423990962674,,0.11,0.9999968000000001,17.261364,34.75821,10.378098,7340,3.4599457,,12.064954,19.492296,-453.9197
367,361.82407,17.261364,,0.184,0.9832175999999999,10.462091000000001,368,0.953,8.530717999999998,3.4814135999999998,4084.625211954117,11.695213,8.384171499999999,11.440172,9.369758119206779,,0.11,0.9999968000000001,17.261364,34.7022,10.426544999999999,7360,3.38798,,12.055348,16.30301,-452.63858
368,362.89603,17.261364,,0.184,0.98345804,10.459377,369,0.953,8.538609,3.4581578,4102.467917680739,11.682135,8.386336,11.456591,9.378434405231888,,0.11,0.9999968000000001,17.261364,34.644768,10.4747715,7380,3.3405093999999997,,12.045817,17.518766,-451.3612
369,363.94092,17.261364,,0.184,0.9836241,10.456671,370,0.953,8.541288,3.4353323,4125.5005803108215,11.668652,8.387888,11.45994,9.381028234863557,,0.11,0.9999968000000001,17.261364,34.586025,10.522774,7400,3.2939334000000002,,12.036346,12.714493,-450.10373
370,364.83167000000003,17.261364,,0.184,0.98337376,10.453972,371,0.953,8.563384,3.412931,4143.457205295563,11.652027,8.386064999999999,11.464394,9.403362603427428,,0.11,0.9999968000000001,17.261364,34.514267,10.570459,7420,3.1201119999999998,,12.026986,13.132451999999999,-448.85205
371,365.98535,17.261364,,0.184,0.9838315999999999,10.451281,372,0.953,8.500162,3.3909345,4161.551626443863,11.641084,8.38973,11.472063,9.33569978687176,,0.11,0.9999968000000001,17.261364,34.46853,10.617957,7440,3.361669,,12.017505,14.336732999999999,-447.60367
372,366.96188,17.261364,,0.184,0.98381203,10.448596,373,0.953,8.556092,3.3693400000000002,4180.408729791641,11.626741,8.389816,11.489668,9.397273549511272,,0.11,0.9999968000000001,17.261364,34.407135,10.665284,7460,3.1672583,,12.008224,18.057545,-446.35214
373,367.97556000000003,17.261364,,0.184,0.98389184,10.445917999999999,374,0.953,8.548655,3.348129,4202.053879261017,11.613369,8.390684,11.500747,9.389509426720217,,0.11,0.9999968000000001,17.261364,34.350395,10.712411,7480,3.184829,,11.998974,15.652175,-445.1137
374,369.0852,17.261364,,0.184,0.98422724,10.443247999999999,375,0.953,8.528564999999999,3.3272923999999997,4223.0753593444815,11.6022,8.393559,11.52404,9.364805593042897,,0.11,0.9999968000000001,17.261364,34.303825,10.759300999999999,7500,3.2621062000000003,,11.989718,20.255005,-443.8696
375,370.2472,17.261364,,0.184,0.98469996,10.440585,376,0.953,8.480216,3.3068254,4241.212846279144,11.591975999999999,8.397182,11.525592999999999,9.311421836115008,,0.11,0.9999968000000001,17.261364,34.263329999999996,10.805932,7520,3.2975543,,11.980386,12.126405,-442.6537
376,371.25937000000005,17.261364,,0.184,0.98477286,10.437928999999999,377,0.953,8.546875,3.2867162000000003,4259.503567934036,11.579079,8.397973,11.533571,9.388400589843355,,0.11,0.9999968000000001,17.261364,34.209785,10.852432,7540,3.1317592,,11.971278,14.551206,-441.43793
377,372.3014,17.261364,,0.184,0.9849243000000001,10.43528,378,0.953,8.536909,3.2669504000000003,4281.014331817627,11.566942999999998,8.399351,11.537052000000001,9.380504423876708,,0.11,0.9999968000000001,17.261364,34.160072,10.898729,7560,3.1438456,,11.9621935,12.868011,-440.23297
378,373.41547,17.261364,,0.184,0.9852651,10.432638,379,0.953,8.5165825,3.2475266,4300.872524976729,11.556431,8.402171000000001,11.541755,9.352357215706677,,0.11,0.9999968000000001,17.261364,34.118088,10.944795,7580,3.1988830000000004,,11.953102000000001,13.3364935,-439.03314000000006
379,374.57297,17.261364,,0.184,0.9857183,10.430003,380,0.953,8.463132,3.2284336,4314.818967819214,11.546603999999999,8.405496000000001,11.529615,9.293925086248464,,0.11,0.9999968000000001,17.261364,34.081154,10.990619,7600,3.22647,,11.943916999999999,6.946264299999999,-437.85645
380,375.70502,17.261364,,0.184,0.9861023999999999,10.427375,381,0.953,8.4968605,3.2096581000000004,4334.529900789261,11.536642,8.408527000000001,11.534951,9.332879607111597,,0.11,0.9999968000000001,17.261364,34.042744,11.036273,7620,3.1861444,,11.93487,13.579728,-436.66855
381,376.82232999999997,17.261364,,0.184,0.9864459000000001,10.424752999999999,382,0.953,8.511632,3.1911986,4358.1976680755615,11.526615,8.411337,11.548902499999999,9.346402045377584,,0.11,0.9999968000000001,17.261364,34.003871999999994,11.081748,7640,3.1563790000000003,,11.925908999999999,16.880638,-435.47824
382,377.779,17.261364,,0.184,0.9863681000000001,10.422139,383,0.953,8.556653,3.173048,4381.0034663677225,11.51351,8.410914,11.553441000000001,9.396321728633326,,0.11,0.9999968000000001,17.261364,33.951415999999995,11.127047,7660,2.98074,,11.917112,13.304301,-434.30362
383,378.73306,17.261364,,0.184,0.986284,10.419532,384,0.953,8.556246,3.1551902000000003,4401.566970348358,11.500501,8.410432,11.564618,9.398879593764333,,0.11,0.9999968000000001,17.261364,33.899734,11.172153999999999,7680,2.9612808,,11.908360499999999,15.861270000000001,-433.1285
384,379.76355,17.261364,,0.184,0.9863988000000001,10.41693,385,0.953,8.544014,3.1376276,4424.035323858261,11.489235,8.411549,11.567129,9.381530296250608,,0.11,0.9999968000000001,17.261364,33.85576,11.217103999999999,7700,3.021101,,11.899622,12.547325,-431.96805
385,380.58044,17.261364,,0.184,0.9859597,10.414336,386,0.953,8.57342,3.120347,4443.05793118477,11.473658,8.408146,11.578024000000001,9.41389487401001,,0.11,0.9999968000000001,17.261364,33.794373,11.261650999999999,7720,2.7921224,,11.891005,15.788734,-430.8054
386,381.66187,17.261364,,0.184,0.98620635,10.411749,387,0.953,8.527594,3.1033452,4466.9424760341635,11.463682,8.410256,11.592558,9.367384412053786,,0.11,0.9999968000000001,17.261364,33.756786,11.306227,7740,3.0388894,,11.882313,17.219147,-429.64487
387,382.7425,17.261364,,0.184,0.9864497,10.409168,388,0.953,8.526577,3.0866127,4488.827852725984,11.453814,8.41233,11.597549,9.364190455498113,,0.11,0.9999968000000001,17.261364,33.719963,11.35062,7760,3.0238364,,11.873664,13.545339000000002,-428.49976
388,383.66582999999997,17.261364,,0.184,0.9862875,10.406594,389,0.953,8.561829,3.070143,4509.1743228435525,11.440895,8.411203,11.609586,9.404301322457805,,0.11,0.9999968000000001,17.261364,33.670254,11.394801,7780,2.8525138,,11.86515,16.296282,-427.35364000000004
389,384.78278,17.261364,,0.184,0.9866225000000001,10.404027000000001,390,0.953,8.499575,3.0539331,4521.484963655472,11.43188,8.413847,11.616895,9.336650938714397,,0.11,0.9999968000000001,17.261364,33.638335999999995,11.438817,7800,3.0304532,,11.856521,14.475841500000001,-426.21786
390,385.46216,17.261364,,0.184,0.98583674,10.401466000000001,391,0.953,8.578816999999999,3.0379739,4543.439366579056,11.414145,8.407489,11.626403999999999,9.423133866895867,,0.11,0.9999968000000001,17.261364,33.57071,11.482097999999999,7820,2.5797117000000003,,11.848138,15.350283,-425.0861
391,386.36075,17.261364,,0.184,0.9856142,10.398912,392,0.953,8.559275999999999,3.0222623,4560.8985946178445,11.401091000000001,8.405818,11.626130999999999,9.404542502066489,,0.11,0.9999968000000001,17.261364,33.521557,11.525739999999999,7840,2.7809691,,11.839747000000001,11.536847999999999,-423.96967
392,387.43878,17.261364,,0.184,0.9858493,10.396364,393,0.953,8.526488,3.0067897,4583.114139318466,11.391816,8.407817999999999,11.634116,9.366597739958527,,0.11,0.9999968000000001,17.261364,33.488566999999996,11.569285,7860,2.9450529,,11.831318,14.781198499999999,-422.8505
393,388.51977999999997,17.261364,,0.184,0.9860908000000002,10.393823,394,0.953,8.527316,2.9915533,4604.49591422081,11.382729,8.409875999999999,11.649625,9.366441906658581,,0.11,0.9999968000000001,17.261364,33.45657,11.61266,7880,2.935102,,11.822932000000002,17.760468,-421.72945999999996
394,389.60143999999997,17.261364,,0.184,0.9863328000000001,10.391288000000001,395,0.953,8.524788000000001,2.9765446,4624.867688417436,11.373753,8.411921000000001,11.651277,9.361037832170402,,0.11,0.9999968000000001,17.261364,33.425340000000006,11.655871000000001,7900,2.9230428,,11.814582000000001,12.3191805,-420.6279
395,390.5846,17.261364,,0.184,0.9863246999999999,10.388760000000001,396,0.953,8.554024,2.9617636000000003,4647.960834503174,11.362973,8.412042,11.661272,9.395577103987256,,0.11,0.9999968000000001,17.261364,33.386364,11.698926,7920,2.8119557,,11.806347,15.624578,-419.52362
396,391.64148,17.261364,,0.184,0.98650247,10.386238,397,0.953,8.539363999999999,2.9471993,4672.432738542557,11.353792,8.413642,11.683421000000001,9.378536551205777,,0.11,0.9999968000000001,17.261364,33.3544,11.741823,7940,2.8722005,,11.798119,20.470594000000002,-418.41272000000004
397,392.65756,17.261364,,0.184,0.9865768,10.383722,398,0.953,8.550628,2.9328522999999995,4692.496032714844,11.343925,8.414438,11.697189,9.389314533577512,,0.11,0.9999968000000001,17.261364,33.319645,11.784566,7960,2.8189206,,11.789959,17.179195,-417.31564
398,393.69800000000004,17.261364,,0.184,0.9867118,10.381212,399,0.953,8.537649,2.9187112,4712.6424067020425,11.334597,8.415658,11.699568,9.378409446857411,,0.11,0.9999968000000001,17.261364,33.287647,11.82715,7980,2.8305502000000002,,11.781808,12.661702,-416.23535
399,394.5208,17.261364,,0.184,0.986302,10.37871,400,0.953,8.569939999999999,2.904777,4733.4749450683585,11.320995,8.412436999999999,11.700723,9.413419307148873,,0.11,0.9999968000000001,17.261364,33.23858,11.869365,8000,2.6006017000000003,,11.773779,12.177471,-415.16196
400,395.6386,17.261364,,0.184,0.98662996,10.376211999999999,401,0.953,8.48617,2.8910472,4757.380661249161,11.313177,8.414932,11.710675,9.320848149492644,,0.11,0.9999968000000001,17.261364,33.214577,11.911595,8020,2.8811414,,11.76558,15.707254999999998,-414.08484
401,396.58865,17.261364,,0.184,0.98653895,10.373722,402,0.953,8.558553999999999,2.8775086,4775.979395151137,11.3024,8.414361,11.709652,9.398795935741619,,0.11,0.9999968000000001,17.261364,33.17708,11.953694,8040,2.7022927000000005,,11.757603,11.314711,-413.02417
402,397.68300000000005,17.261364,,0.184,0.9868065,10.371238,403,0.953,8.506739999999999,2.8641669999999997,4794.986124038696,11.294431,8.4164915,11.707633,9.345536320092348,,0.11,0.9999968000000001,17.261364,33.152287,11.995644,8060,2.8338804,,11.749535,10.911955,-411.9696
403,398.7838,17.261364,,0.184,0.9870886000000001,10.368758999999999,404,0.953,8.500625,2.8510098,4816.545112133026,11.2866535,8.418707000000001,11.710719000000001,9.337983860173768,,0.11,0.9999968000000001,17.261364,33.128628000000006,12.037438,8080,2.8292923,,11.741494,12.969411000000001,-410.91522000000003
404,399.8472,17.261364,,0.184,0.98727703,10.366287,405,0.953,8.530144,2.8380400000000003,4835.889694690703,11.278381,8.420328999999999,11.725274,9.370631957373913,,0.11,0.9999968000000001,17.261364,33.10237,12.07911,8100,2.7811735,,11.733563,17.620224,-409.85455
405,400.91388,17.261364,,0.184,0.9874726,10.363821000000002,406,0.953,8.529163,2.8252506,4860.023052930832,11.270267,8.422006,11.732619,9.365914784244227,,0.11,0.9999968000000001,17.261364,33.076972999999995,12.120633999999999,8120,2.773389,,11.725672,14.722273999999999,-408.8063
406,401.88965,17.261364,,0.184,0.98744386,10.361361,407,0.953,8.552285000000001,2.8126368999999998,4877.699377536775,11.260492,8.421922,11.729874,9.39368296131587,,0.11,0.9999968000000001,17.261364,33.044666,12.162013,8140,2.6716456,,11.717875,10.630583999999999,-407.77335
407,402.8755,17.261364,,0.184,0.98743993,10.358907,408,0.953,8.549111,2.8001943,4896.494543790817,11.251004,8.422027,11.72793,9.39192178603421,,0.11,0.9999968000000001,17.261364,33.01378,12.203253,8160,2.6700459999999997,,11.71011,10.950538,-406.74463
408,403.98145,17.261364,,0.184,0.98772967,10.356459,409,0.953,8.487409,2.7879237999999997,4918.809261083603,11.24371,8.42422,11.742624000000001,9.322720562378857,,0.11,0.9999968000000001,17.261364,32.99338,12.244318,8180,2.7787290000000002,,11.7022295,17.75279,-405.70428
409,405.01062,17.261364,,0.184,0.98783076,10.354017,410,0.953,8.543595,2.7758207,4938.466074705124,11.235273,8.425186,11.755345,9.38394756171543,,0.11,0.9999968000000001,17.261364,32.967133000000004,12.285285,8200,2.691968,,11.694526,16.971832,-404.67096000000004
410,406.0802,17.261364,,0.184,0.98802966,10.351581,411,0.953,8.5272455,2.7638783,4958.7048070430765,11.22766,8.426877000000001,11.766214999999999,9.362310857937835,,0.11,0.9999968000000001,17.261364,32.944748,12.326098,8220,2.721732,,11.686817999999999,16.237772,-403.64437999999996
411,407.15722999999997,17.261364,,0.184,0.98824567,10.349150999999999,412,0.953,8.514347,2.7520952000000003,4978.168994188309,11.2202,8.428628,11.768500999999999,9.35253744185861,,0.11,0.9999968000000001,17.261364,32.92348,12.366774000000001,8240,2.7190232000000005,,11.679117999999999,12.7218685,-402.63138
412,408.20193,17.261364,,0.184,0.9883824000000001,10.346726,413,0.953,8.537564999999999,2.740469,5001.3056004047385,11.212304,8.429856,11.783494000000001,9.377161802430358,,0.11,0.9999968000000001,17.261364,32.900078,12.407324000000001,8260,2.6768177000000004,,11.671511,17.974337,-401.61053
413,409.27727999999996,17.261364,,0.184,0.98859245,10.344308,414,0.953,8.519205,2.7289963,5024.682374238968,11.205006,8.43159,11.7989645,9.355987079338624,,0.11,0.9999968000000001,17.261364,32.879677,12.447728,8280,2.6973596,,11.663897500000001,18.201303,-400.59412000000003
414,410.3853,17.261364,,0.184,0.9888802999999999,10.341895,415,0.953,8.448986,2.7204057999999995,5045.5047624111185,11.198006,8.433527,11.795395,9.279308276809678,,0.11,0.9999968000000001,17.261364,32.862453,12.487969,8300,2.7204057999999995,,11.656151,10.331483,-399.6015
415,411.4544,17.261364,,0.184,0.9890730999999999,10.339489,416,0.953,8.519324000000001,2.7092004000000003,5069.519293308258,11.190741000000001,8.43512,11.806596,9.357656198055436,,0.11,0.9999968000000001,17.261364,32.842495,12.5281105,8320,2.6723285,,11.648611,16.468128,-398.599
416,412.52,17.261364,,0.184,0.98925656,10.337088,417,0.953,8.517482000000001,2.6981416,5090.0499737262735,11.18347,8.436622,11.802455,9.354938838663804,,0.11,0.9999968000000001,17.261364,32.822720000000004,12.568124000000001,8340,2.659251,,11.641102,10.092338999999999,-397.61658
417,413.6117,17.261364,,0.184,0.98950166,10.334693,418,0.953,8.48714,2.6872252999999997,5112.939538240433,11.176617,8.438454,11.804541,9.319343969473302,,0.11,0.9999968000000001,17.261364,32.805523,12.607989,8360,2.6760316000000004,,11.633555,12.686503,-396.63263
418,414.61852999999996,17.261364,,0.184,0.9895430000000001,10.332303,419,0.953,8.549736,2.6764476000000004,5134.306729555129,11.168497,8.438945,11.819205,9.390268607174127,,0.11,0.9999968000000001,17.261364,32.78197,12.647761000000001,8380,2.582109,,11.626196,17.962185,-395.6409
419,415.70462000000003,17.261364,,0.184,0.9897729,10.329919,420,0.953,8.492175,2.6658072,5158.201239585877,11.1617155,8.440685,11.823898,9.32706809268555,,0.11,0.9999968000000001,17.261364,32.76522,12.687374,8400,2.6516511,,11.618733,13.80272,-394.6637
420,416.7978,17.261364,,0.184,0.9900184999999999,10.327541,421,0.953,8.469128999999999,2.6553001,5183.217588901521,11.155003,8.442414,11.827111,9.304454120297768,,0.11,0.9999968000000001,17.261364,32.749462,12.726859,8420,2.6498766,,11.611253999999999,13.188317000000001,-393.69263
421,417.8837,17.261364,,0.184,0.9902457,10.325169,422,0.953,8.484451,2.6449256,5201.694426298142,11.148313499999999,8.44409,11.830536,9.320230452635103,,0.11,0.9999968000000001,17.261364,32.733543,12.766223,8440,2.6339933999999996,,11.603845,13.28415,-392.72592000000003
422,418.89203,17.261364,,0.184,0.9902885,10.322802000000001,423,0.953,8.546573,2.6346792999999997,5222.487617731093,11.140506,8.444575,11.832500999999999,9.38496390394208,,0.11,0.9999968000000001,17.261364,32.711895,12.805495,8460,2.5477636,,11.596616000000001,12.673389,-391.7653
423,419.9529,17.261364,,0.184,0.990455,10.32044,424,0.953,8.513645,2.6245604,5246.791127204895,11.133633,8.445916,11.826761999999999,9.3518733534098,,0.11,0.9999968000000001,17.261364,32.694813,12.844634,8480,2.591014,,11.589345,9.410441,-390.81692999999996
424,421.0354,17.261364,,0.184,0.9906715,10.318085,425,0.953,8.483476,2.6145673,5267.948457956314,11.12708,8.4475,11.832771000000001,9.320974508413835,,0.11,0.9999968000000001,17.261364,32.67986,12.8836355,8500,2.6039891,,11.582037,14.391820999999998,-389.8612
425,422.05908,17.261364,,0.184,0.990749,10.315735,426,0.953,8.539572999999999,2.6046946,5293.7730219364175,11.119752,8.44824,11.843074,9.380754935453712,,0.11,0.9999968000000001,17.261364,32.66068,12.9225445,8520,2.5368605,,11.574895,16.23335,-388.90573
426,423.14612,17.261364,,0.184,0.9909745000000001,10.31339,427,0.953,8.466218,2.5949432999999997,5315.056190490724,11.11332,8.449798,11.851713,9.30052582792928,,0.11,0.9999968000000001,17.261364,32.646877,12.961305,8540,2.591345,,11.567614,15.54302,-387.9563
427,424.19156,17.261364,,0.184,0.9911018,10.31105,428,0.953,8.531697,2.5853097000000003,5335.314319610596,11.106518,8.450917,11.865681,9.36825086205478,,0.11,0.9999968000000001,17.261364,32.630188000000004,12.999972999999999,8560,2.541636,,11.560522,17.83997,-387.00607
428,425.27362,17.261364,,0.184,0.9913138000000001,10.308717,429,0.953,8.471642999999998,2.575756,5357.2903196811685,11.100152,8.4524,11.86368,9.305361310897077,,0.11,0.9999968000000001,17.261364,32.61675,13.038505,8580,2.5700218999999995,,11.553322,11.018034,-386.12482
429,426.32764000000003,17.261364,,0.185,0.9914596,10.306389,430,0.953,8.517676,2.5663676,5380.453877687454,11.093568,8.453597,11.874346000000001,9.358107694187273,,0.11,0.9999968000000001,17.261364,32.601494,13.076936,8600,2.533843,,11.546261999999999,16.461052,-385.23502
430,427.3784,17.261364,,0.185,0.9915972,10.304066,431,0.953,8.525133,2.5571083999999997,5407.462027788162,11.087025,8.454767,11.883064,9.360013656557696,,0.11,0.9999968000000001,17.261364,32.58636,13.115253,8620,2.522304,,11.539251,15.642060999999998,-384.35086
431,428.3967,17.261364,,0.185,0.99165905,10.301748,432,0.953,8.544842,2.547924,5431.170996427536,11.080015,8.455405,11.899778999999999,9.383835876966746,,0.11,0.9999968000000001,17.261364,32.5691,13.153471,8640,2.4819777000000003,,11.53232,19.114008,-383.41483
432,429.4308,17.261364,,0.185,0.99175704,10.299437,433,0.953,8.531977000000001,2.5388474,5451.698113203049,11.073305,8.456275999999999,11.908759,9.372261781447538,,0.11,0.9999968000000001,17.261364,32.55342,13.191571,8660,2.4894853,,11.525391,15.798039000000001,-382.49075
433,430.50622999999996,17.261364,,0.185,0.99194986,10.297130000000001,434,0.954,8.480303,2.529847,5473.23531460762,11.067174000000001,8.457656,11.922325,9.3151479265095,,0.11,0.9999968000000001,17.261364,32.541283,13.229541000000001,8680,2.5230113999999997,,11.518374,17.80696,-381.6141
434,431.2953,17.261364,,0.185,0.99148345,10.294827,435,0.954,8.578155,2.5210103999999998,5496.3513481616965,11.05608,8.453951,11.9281225,9.42201123490527,,0.11,0.9999968000000001,17.261364,32.508606,13.267110999999998,8700,2.2286806,,11.511616,14.453651999999998,-380.7244
435,432.37152000000003,17.261364,,0.185,0.9916778,10.292532000000001,436,0.954,8.475464,2.5121999,5524.998549699782,11.050061999999999,8.4553175,11.926208,9.307331623859566,,0.11,0.9999968000000001,17.261364,32.497246000000004,13.304867000000002,8720,2.5062962000000004,,11.504652,11.103285000000001,-379.8694
436,433.42346,17.261364,,0.185,0.9918157,10.290241,437,0.954,8.517977,2.5035515,5552.4471514225015,11.043873,8.456452,11.930342999999999,9.354560041673512,,0.11,0.9999968000000001,17.261364,32.484367,13.342525,8740,2.4744267000000004,,11.497817,13.742609,-379.01767
437,434.48742999999996,17.261364,,0.185,0.99198043,10.287955,438,0.954,8.503504,2.4950185,5583.4573674201965,11.037892999999999,8.457732,11.944730999999999,9.33960590132515,,0.11,0.9999968000000001,17.261364,32.472736,13.380068,8760,2.4787323,,11.490981,18.2423,-378.15875
438,435.55,17.261364,,0.185,0.9921412000000001,10.285675,439,0.954,8.503831,2.4865502999999998,5618.5883853435525,11.031943,8.4589815,11.947280000000001,9.335997259078571,,0.11,0.9999968000000001,17.261364,32.461323,13.417506,8780,2.4702463,,11.484177,13.073633000000001,-377.31982
439,436.60995,17.261364,,0.186,0.9922953000000001,10.2834,440,0.954,8.50313,2.4781792,5641.769385814667,11.025995,8.460173,11.953826,9.3402617140436,,0.11,0.9999968000000001,17.261364,32.450027,13.454841,8800,2.4604232,,11.477402,14.837322,-376.48073999999997
440,437.60582999999997,17.261364,,0.186,0.9923035,10.281129,441,0.954,8.544806,2.4698694,5669.767530679704,11.019089,8.46035,11.952388000000001,9.386709667364839,,0.11,0.9999968000000001,17.261364,32.434258,13.492087,8820,2.389352,,11.470752000000001,11.328597,-375.6509
441,438.62354000000005,17.261364,,0.186,0.99236095,10.278864,442,0.955,8.536122,2.4617142999999997,5693.994853973389,11.012611,8.460897000000001,11.955766,9.378706767874249,,0.11,0.9999968000000001,17.261364,32.42044,13.529228,8840,2.4029898999999997,,11.464112,13.453864999999999,-374.81845
442,439.43903,17.261364,,0.186,0.99196166,10.276605,443,0.955,8.577932,2.4536326,5725.388148069383,11.00255,8.457756,11.967886,9.423051014594485,,0.11,0.9999968000000001,17.261364,32.392628,13.566020000000002,8860,2.1936405,,11.457597999999999,17.334816,-373.94473
443,440.49042000000003,17.261364,,0.186,0.99209553,10.274349,444,0.955,8.513597500000001,2.4456267000000005,5752.892621517181,10.996717,8.458832000000001,11.976198,9.352948490913068,,0.11,0.9999968000000001,17.261364,32.381977,13.60295,8880,2.4206522,,11.450966000000001,15.66782,-373.06525
444,441.49152000000004,17.261364,,0.186,0.9921158000000001,10.2720995,445,0.955,8.551072999999999,2.4377074,5781.615666627885,10.990173,8.459142,11.990091,9.390460205669234,,0.11,0.9999968000000001,17.261364,32.36792,13.639787,8900,2.3633695,,11.44445,18.168404000000002,-372.18414
445,442.53168,17.261364,,0.186,0.9922235,10.269855,446,0.955,8.529877,2.4298737,5813.487290859222,10.984316,8.460082,12.009066,9.368054915760966,,0.11,0.9999968000000001,17.261364,32.357037,13.676520000000002,8920,2.3950944,,11.437915,20.46176,-371.3018
446,443.48846,17.261364,,0.186,0.9921441999999999,10.267615,447,0.955,8.556266,2.4221277000000003,5839.452808856964,10.977058,8.459565,12.007784,9.399255016512836,,0.11,0.9999968000000001,17.261364,32.34041,13.713138,8940,2.3049417,,11.431467999999999,11.445122999999999,-370.44366
447,444.50957999999997,17.261364,,0.186,0.9922089,10.265381,448,0.955,8.538183,2.4144619,5866.507904767989,10.970984,8.460182000000001,12.016179,9.378681378718944,,0.11,0.9999968000000001,17.261364,32.328724,13.74968,8960,2.3616752999999995,,11.42501,15.778481,-369.57965
448,445.5761,17.261364,,0.186,0.9923744000000001,10.263150999999999,449,0.955,8.475971000000001,2.4068797,5890.275176525116,10.965496,8.461327,12.016204,9.313141783607414,,0.11,0.9999968000000001,17.261364,32.320683,13.786098499999998,8980,2.4002117999999997,,11.418443,12.036752,-368.72775
449,446.26743,17.261364,,0.186,0.9917054,10.260926,450,0.955,8.587565,2.3993787999999996,5924.098517656325,10.953606,8.4559,12.019455,9.429356151869696,,0.11,0.9999968000000001,17.261364,32.287273,13.8217745,9000,2.0185437,,11.412151,13.488682999999998,-367.87683
450,447.33135999999996,17.261364,,0.186,0.9918655000000001,10.258707000000001,451,0.955,8.491272,2.3919580000000003,5956.278470993042,10.948259,8.457085000000001,12.019871,9.324054801724065,,0.11,0.9999968000000001,17.261364,32.27962,13.858011,9020,2.3819647,,11.405675,12.216258999999999,-367.03217
451,448.37042,17.261364,,0.186,0.99196994,10.256492,452,0.955,8.526342,2.3846126,5988.079557180406,10.94267,8.457977,12.028148,9.365250899950869,,0.11,0.9999968000000001,17.261364,32.27041,13.894166,9040,2.3507632999999997,,11.399305,15.771021,-366.18335
452,449.43215999999995,17.261364,,0.186,0.99212396,10.254282,453,0.955,8.492321,2.3773465,6015.346184015273,10.937379,8.459116999999999,12.037175,9.328536728942801,,0.11,0.9999968000000001,17.261364,32.263115,13.930216,9060,2.3669648,,11.392887,16.126534,-365.33746
453,450.48607999999996,17.261364,,0.186,0.9922601000000001,10.252077,454,0.955,8.507292,2.3701567999999997,6044.912648439406,10.932065,8.460183,12.04005,9.341845527851424,,0.11,0.9999968000000001,17.261364,32.255512,13.966173000000001,9080,2.3529549,,11.386532,13.35185,-364.50146
454,451.4865,17.261364,,0.186,0.99227804,10.249877,455,0.955,8.547158,2.3630404,6066.202703952789,10.925993,8.460445,12.044698,9.38800590134398,,0.11,0.9999968000000001,17.261364,32.244312,14.002051000000002,9100,2.2932682,,11.380291,14.163951,-363.66745
455,452.54745,17.261364,,0.186,0.9924286,10.247682000000001,456,0.955,8.483525,2.3559365000000003,6095.749784231187,10.920778,8.461513499999999,12.039411999999999,9.318798224354696,,0.11,0.9999968000000001,17.261364,32.237724,14.037823000000001,9120,2.3474703,,11.373938,9.642885,-362.89337
456,453.58047,17.261364,,0.186,0.9925174999999999,10.245491000000001,457,0.955,8.532105,2.3490130000000002,6121.107521772386,10.915334,8.462305,12.054389,9.371078942313284,,0.11,0.9999968000000001,17.261364,32.229378000000004,14.07351,9140,2.3129193999999997,,11.36772,18.893745000000003,-362.1051
457,454.60895,17.261364,,0.186,0.9925959999999999,10.243305,458,0.955,8.527277,2.3421147,6144.459290742873,10.909823,8.462984,12.046269,9.366417545958669,,0.11,0.9999968000000001,17.261364,32.220955,14.109109,9160,2.3024788,,11.361517999999998,8.344151,-361.3406
458,455.65505999999993,17.261364,,0.186,0.99271256,10.241124000000001,459,0.955,8.51622,2.3352717999999997,6165.128027677535,10.904630000000001,8.463932000000002,12.061994,9.354356398839524,,0.11,0.9999968000000001,17.261364,32.214034999999996,14.144613,9180,2.314093,,11.355319999999999,19.272003,-360.55163999999996
459,456.6949,17.261364,,0.187,0.99281496,10.238947999999999,460,0.955,8.5268345,2.3285136000000004,6190.398521900177,10.899414,8.464812,12.076409,9.361922612789686,,0.11,0.9999968000000001,17.261364,32.20691,14.180028,9200,2.3017015,,11.349171,18.702372,-359.76874
460,457.71887000000004,17.261364,,0.187,0.9928826,10.236775999999999,461,0.955,8.538507000000001,2.3218212000000005,6210.819235801697,10.894007,8.465455,12.087872,9.375797930316187,,0.11,0.9999968000000001,17.261364,32.1989,14.215357999999998,9220,2.2799597,,11.343074,17.368898,-358.9884
461,458.78087999999997,17.261364,,0.187,0.9930322,10.234608999999999,462,0.955,8.468679,2.3152122000000004,6228.74720621109,10.888994,8.466446000000001,12.086924,9.301733121803,,0.11,0.9999968000000001,17.261364,32.193836,14.250582000000001,9240,2.3117485,,11.336852,11.658513000000001,-358.22916000000004
462,459.80386,17.261364,,0.187,0.9930969000000001,10.232447,463,0.955,8.536736,2.3086683999999997,6258.362572193146,10.883643,8.467055,12.100014999999999,9.376555492003122,,0.11,0.9999968000000001,17.261364,32.186226,14.285734,9260,2.2672145,,11.330803999999999,18.156675,-357.4589
463,460.6372,17.261364,,0.187,0.9927526,10.230288999999999,464,0.956,8.579281,2.3021605,6287.834205150604,10.875067999999999,8.464362,12.100633,9.42020888201267,,0.11,0.9999968000000001,17.261364,32.166073,14.320592000000001,9280,2.0717242,,11.324874000000001,12.394461999999999,-356.6992
464,461.6588,17.261364,,0.187,0.99281466,10.228136,465,0.956,8.533896,2.2957475,6313.413645744324,10.869762,8.4649315,12.101261000000001,9.373925589015924,,0.11,0.9999968000000001,17.261364,32.15885,14.355576000000001,9300,2.2526796,,11.3188715,12.401746000000001,-355.93557999999996
465,462.70995999999997,17.261364,,0.187,0.99293983,10.225988000000001,466,0.956,8.498548,2.2893654999999997,6339.728823184967,10.864868,8.465867999999999,12.097251,9.333222343499584,,0.11,0.9999968000000001,17.261364,32.153934,14.390462,9320,2.276579,,11.31282,10.241138000000001,-355.18683
466,463.76685,17.261364,,0.187,0.99307674,10.223844999999999,467,0.956,8.481703,2.283049,6369.852905750275,10.860035,8.466822,12.103719,9.317384019819078,,0.11,0.9999968000000001,17.261364,32.149634999999996,14.42526,9340,2.276798,,11.306758,15.126254000000001,-354.4334
467,464.8145,17.261364,,0.187,0.9931934000000001,10.221705,468,0.956,8.5069,2.2768655,6402.607402563094,10.855197,8.467728999999999,12.113574,9.343976134023915,,0.11,0.9999968000000001,17.261364,32.144909999999996,14.459973000000002,9360,2.2616343,,11.300775,16.724379000000003,-353.67908
468,465.85477000000003,17.261364,,0.187,0.99329376,10.219571,469,0.956,8.518206,2.2706833,6428.265471696855,10.850313,8.468551,12.120168,9.35423480714143,,0.11,0.9999968000000001,17.261364,32.13986,14.494612,9380,2.2491634,,11.294843,15.213667000000001,-352.89078
469,466.90344000000005,17.261364,,0.187,0.9934116,10.217442,470,0.956,8.502039,2.264561,6458.551330089569,10.845547,8.469447,12.128212,9.337222263974061,,0.11,0.9999968000000001,17.261364,32.135612,14.529160000000001,9400,2.2522414,,11.2889,15.908752,-352.1044
470,467.9602,17.261364,,0.187,0.99354607,10.215316,471,0.956,8.468684,2.2584982000000005,6485.713770151137,10.840799,8.470322999999999,12.129228999999999,9.304680466017242,,0.11,0.9999968000000001,17.261364,32.132126,14.563623999999999,9420,2.2548225,,11.282913,12.61549,-351.32828
471,468.9859,17.261364,,0.187,0.9936142,10.213194999999999,472,0.956,8.532339,2.2524927000000003,6511.413965702057,10.835832,8.470939999999999,12.141911,9.372074969975015,,0.11,0.9999968000000001,17.261364,32.126686,14.598017,9440,2.2186604,,11.277085000000001,18.12244,-350.54388
472,469.9909,17.261364,,0.187,0.9936383,10.211079,473,0.956,8.547908999999999,2.2465436000000003,6534.116055250169,10.830601,8.471254,12.155184,9.387481669556859,,0.11,0.9999968000000001,17.261364,32.120033,14.632329,9460,2.1925907000000002,,11.271315,18.427629999999997,-349.76215
473,470.97052,17.261364,,0.187,0.9936086999999999,10.208966,474,0.956,8.556384,2.2406511,6562.902209281921,10.8249855,8.471146000000001,12.1614,9.39668575351989,,0.11,0.9999968000000001,17.261364,32.111866,14.666557000000001,9480,2.1616116,,11.265588000000001,15.109105,-348.99078
474,472.02002000000005,17.261364,,0.187,0.9937264000000001,10.20686,475,0.956,8.493572,2.2348144,6582.242688655853,10.820375,8.472002,12.170208,9.329010740077287,,0.11,0.9999968000000001,17.261364,32.108684999999994,14.700695999999999,9500,2.225934,,11.259751,16.352957,-348.21994
475,473.05492999999996,17.261364,,0.187,0.99381286,10.204756,476,0.956,8.511330000000001,2.2290313,6609.800796031952,10.815621,8.472677000000001,12.158218,9.351182708354354,,0.11,0.9999968000000001,17.261364,32.104683,14.734764000000002,9520,2.206257,,11.253978,6.4716244000000005,-347.4731
476,474.09545999999995,17.261364,,0.187,0.9939108,10.202658,477,0.956,8.5119,2.2233033,6633.4071316719055,10.811005,8.473453,12.174249,9.351099855295306,,0.11,0.9999968000000001,17.261364,32.101257000000004,14.76875,9540,2.2067294,,11.248228999999998,19.81182,-346.70145
477,475.11572,17.261364,,0.187,0.9939659,10.200563,478,0.956,8.533366000000001,2.2176259999999997,6657.84219098091,10.806159,8.473962,12.176817,9.372165242794608,,0.11,0.9999968000000001,17.261364,32.096634,14.802665,9560,2.1813675999999997,,11.242549,13.408342000000001,-345.94644
478,476.16425,17.261364,,0.187,0.9940798000000001,10.198473,479,0.956,8.487499,2.2120032000000003,6687.6889481544495,10.801641,8.474762,12.188185,9.32597630614682,,0.11,0.9999968000000001,17.261364,32.094134999999994,14.836488000000001,9580,2.204546,,11.236797,17.629920000000002,-345.1858
479,477.17734,17.261364,,0.187,0.99411947,10.196388,480,0.956,8.535858000000001,2.2064328,6715.7378232479105,10.796749,8.475152,12.187333,9.376326142690377,,0.11,0.9999968000000001,17.261364,32.0894,14.870248000000002,9600,2.1641712,,11.231171,11.785437,-344.4405
480,478.15277000000003,17.261364,,0.187,0.9940806000000001,10.194306,481,0.956,8.557528,2.2009119999999998,6743.790253877641,10.791316,8.474964,12.192173,9.397819608781132,,0.11,0.9999968000000001,17.261364,32.082344,14.903922,9620,2.121408,,11.225613000000001,14.5230055,-343.69263
481,479.07156,17.261364,,0.187,0.9939244,10.19223,482,0.956,8.569432,2.1954424,6772.016613483429,10.784974,8.4738245,12.191716,9.410449013806511,,0.11,0.9999968000000001,17.261364,32.0718,14.937470000000001,9640,2.0594811,,11.220101,11.979254,-342.95322000000004
482,480.101,17.261364,,0.187,0.99399793,10.190157000000001,483,0.956,8.526657,2.1900222,6800.6182317733765,10.780434,8.47446,12.204857,9.365722234914845,,0.11,0.9999968000000001,17.261364,32.068745,14.970995000000002,9660,2.1644769,,11.214525,18.545729,-342.20316
483,481.1523,17.261364,,0.187,0.99411637,10.188089,484,0.956,8.462837,2.1846509999999997,6826.002350330353,10.776023,8.475188000000001,12.191802000000001,9.298609101635755,,0.11,0.9999968000000001,17.261364,32.067337,15.004436499999999,9680,2.1814747000000003,,11.208839999999999,5.892982,-341.48236
484,482.202,17.261364,,0.187,0.9942309000000001,10.186025,485,0.956,8.48007,2.1793277,6850.478772878648,10.771694,8.475964999999999,12.196616,9.310644898641783,,0.11,0.9999968000000001,17.261364,32.06599,15.037802,9700,2.1751542,,11.203214,14.534538000000001,-340.7467
485,483.22842,17.261364,,0.187,0.99429715,10.183966,486,0.956,8.528377,2.1740532000000004,6878.373980283736,10.767204,8.476547,12.19999,9.364278647945113,,0.11,0.9999968000000001,17.261364,32.063244,15.071102,9720,2.1473644,,11.19771,13.84288,-340.0155
486,484.27087,17.261364,,0.188,0.99439603,10.18191,487,0.956,8.494676,2.1687684,6902.668894767761,10.762877,8.477259,12.200304,9.330699247629527,,0.11,0.9999968000000001,17.261364,32.061733000000004,15.104326,9740,2.1591885,,11.192160000000001,12.359911,-339.3402
487,485.31143,17.261364,,0.188,0.9944905999999999,10.179858,488,0.956,8.502595,2.1635976,6933.603165864945,10.758582,8.477967999999999,12.210001,9.340403556799508,,0.11,0.9999968000000001,17.261364,32.06027,15.137472,9760,2.151897,,11.186647,16.939093,-338.6643
488,486.35184000000004,17.261364,,0.188,0.99458456,10.177812,489,0.956,8.501403,2.1584618,6959.792786121368,10.754309,8.478667,12.210724,9.33573112374166,,0.11,0.9999968000000001,17.261364,32.05895,15.170548000000002,9780,2.1473417,,11.181156,12.570932,-337.9975
489,487.39612,17.261364,,0.188,0.99468595,10.175769,490,0.957,8.488242,2.1533854,6985.17340016365,10.750078,8.479376,12.21948,9.324622995678329,,0.11,0.9999968000000001,17.261364,32.058052,15.2035475,9800,2.1466048,,11.175661,16.506636,-337.32903999999996
490,488.28403,17.261364,,0.188,0.9944685,10.17373,491,0.957,8.576857,2.148325,7004.552005052567,10.743544,8.4777355,12.226450999999999,9.418872952426348,,0.11,0.9999968000000001,17.261364,32.047237,15.236384,9820,1.9860215,,11.170367,15.64923,-336.6561
491,489.30234,17.261364,,0.188,0.99451697,10.171695,492,0.957,8.535184,2.1433215,7032.333301782607,10.739128,8.478196,12.226401,9.370812343763985,,0.11,0.9999968000000001,17.261364,32.04495,15.26925,9840,2.1108532,,11.165011,12.208866,-335.9974
492,490.34207000000004,17.261364,,0.189,0.99460864,10.169664,493,0.957,8.501219,2.138393,7062.69575190544,10.734964,8.478878,12.236400999999999,9.339446736990661,,0.11,0.9999968000000001,17.261364,32.04423,15.302039,9860,2.1274595,,11.159609,17.161935999999997,-335.33276
493,491.31744000000003,17.261364,,0.189,0.9945697,10.167639,494,0.957,8.558793,2.133435,7091.930410146712,10.729961,8.478689,12.241775,9.39855889382673,,0.11,0.9999968000000001,17.261364,32.03946,15.334760999999999,9880,2.0593848,,11.154345,14.897673000000001,-334.66876
494,492.10938,17.261364,,0.189,0.99416035,10.165616,495,0.957,8.586136,2.1286144,7119.9293575286865,10.721973,8.475434,12.246422,9.428456255892511,,0.11,0.9999968000000001,17.261364,32.023632,15.367069,9900,1.8701925,,11.149156,14.549760999999998,-333.96756
495,493.15485,17.261364,,0.189,0.9942638,10.163598,496,0.957,8.479883000000001,2.1237397000000002,7144.480298995972,10.717913000000001,8.476125999999999,12.253755,9.316611676360447,,0.11,0.9999968000000001,17.261364,32.023773,15.399648999999998,9920,2.1189147999999998,,11.143773,15.889692000000002,-333.30444
496,494.17618,17.261364,,0.189,0.99431825,10.161584,497,0.957,8.53018,2.1189492000000003,7174.21698474884,10.713677,8.476614999999999,12.251499,9.36712587489605,,0.11,0.9999968000000001,17.261364,32.022472,15.432167999999999,9940,2.0901823,,11.138514500000001,11.139502,-332.65323
497,495.18005,17.261364,,0.189,0.99433744,10.159574000000001,498,0.957,8.5420065,2.1142418,7196.504932880402,10.709219000000001,8.476850500000001,12.252208,9.383613875810944,,0.11,0.9999968000000001,17.261364,32.02019,15.464619,9960,2.0678886999999997,,11.133301,12.61133,-331.98907
498,496.17462,17.261364,,0.189,0.9943379000000001,10.157568,499,0.957,8.549341,2.1095312,7228.4140260219565,10.704661999999999,8.476958,12.263729,9.393027399352716,,0.11,0.9999968000000001,17.261364,32.017466999999996,15.496998000000001,9980,2.0546787,,11.128123,18.008055,-331.2862
499,497.16705,17.261364,,0.189,0.9943341,10.155566,500,0.957,8.553732,2.1048607999999995,7255.615375041962,10.700113,8.477044,12.27485,9.394135547322703,,0.11,0.9999968000000001,17.261364,32.01475,15.529312,10000,2.0480389999999997,,11.122974000000001,17.829867999999998,-330.58655
500,498.17785999999995,17.261364,,0.189,0.994367,10.153568,501,0.957,8.537997,2.100229,7285.461340904236,10.695841,8.477378999999999,12.274687,9.377846452564382,,0.11,0.9999968000000001,17.261364,32.013366999999995,15.561557999999998,10020,2.0620124,,11.117815,12.200924,-329.90088
501,499.22125,17.261364,,0.189,0.99446464,10.151574,502,0.957,8.487848,2.0956352,7311.5586767196655,10.691944,8.478059,12.282867,9.320078587989444,,0.11,0.9999968000000001,17.261364,32.014236,15.593727,10040,2.0903459,,11.112575999999999,16.387394,-329.2096
502,500.20885999999996,17.261364,,0.189,0.99445105,10.149583999999999,503,0.957,8.548072,2.0910794999999998,7340.6500804424295,10.687373,8.478036999999999,12.277913999999999,9.390498198807867,,0.11,0.9999968000000001,17.261364,32.01165,15.625838,10060,2.0305164,,11.107476,9.797867,-328.53424
503,501.2554,17.261364,,0.189,0.99455434,10.147597,504,0.958,8.462657,2.0865517,7371.240663766862,10.683477,8.478662,12.286197,9.295242910900988,,0.11,0.9999968000000001,17.261364,32.012997,15.657872,10080,2.0853162,,11.102229,16.45975,-327.88422
504,502.28458,17.261364,,0.189,0.99462295,10.145616,505,0.958,8.511714999999999,2.082071,7402.288052558899,10.679516,8.479194,12.274136,9.350112588260096,,0.11,0.9999968000000001,17.261364,32.013348,15.689848999999999,10100,2.063782,,11.097099,6.2017074,-327.26153999999997
505,503.31726,17.261364,,0.19,0.99469817,10.143638000000001,506,0.958,8.514177,2.0776281,7430.1175158023825,10.675651,8.479794,12.278558,9.348685104896383,,0.11,0.9999968000000001,17.261364,32.014057,15.721758,10120,2.0632753,,11.091994,14.517864999999999,-326.62982
506,504.35837000000004,17.261364,,0.19,0.99478966,10.141663000000001,507,0.958,8.484017999999999,2.0732222,7453.2692663669595,10.671827,8.480409,12.283647,9.32038720506666,,0.11,0.9999968000000001,17.261364,32.015440000000005,15.753597000000001,10140,2.0677903000000004,,11.08685,14.864704000000001,-325.99802
507,505.36682,17.261364,,0.19,0.9948165999999999,10.139692,508,0.958,8.539937,2.0688217,7478.878866672516,10.667707,8.480701,12.285794000000001,9.379406142059423,,0.11,0.9999968000000001,17.261364,32.01486,15.785383,10160,2.0314886999999997,,11.081837,13.381422,-325.3658
508,506.40576,17.261364,,0.19,0.99490327,10.137725999999999,509,0.958,8.487538,2.064527,7497.689110040666,10.663914,8.481292,12.276995,9.323454501361843,,0.11,0.9999968000000001,17.261364,32.01636,15.817093,10180,2.0572060000000003,,11.07674,7.812457000000001,-324.75217000000004
509,507.42145,17.261364,,0.19,0.99494404,10.135763,510,0.958,8.52846,2.0602433999999996,7530.817414999007,10.659919,8.481657,12.278315,9.372196781136953,,0.11,0.9999968000000001,17.261364,32.0165,15.848749,10200,2.0304427,,11.071744,12.955844,-324.12973
510,508.44592,17.261364,,0.19,0.9950018,10.133804,511,0.958,8.52594,2.0559783,7557.010531663896,10.656085000000001,8.482156,12.287192999999998,9.363102737028983,,0.11,0.9999968000000001,17.261364,32.017326000000004,15.880336999999999,10220,2.0354526,,11.066761999999999,16.821867,-323.46112
511,509.4354,17.261364,,0.19,0.994991,10.131849,512,0.958,8.553372999999999,2.0517453999999997,7585.959686756134,10.651799,8.482178,12.287791,9.391472520484195,,0.11,0.9999968000000001,17.261364,32.016068,15.911866,10240,1.9965458999999999,,11.061852,12.599324000000001,-322.8034
512,510.45932,17.261364,,0.19,0.9950474,10.129897999999999,513,0.958,8.522622,2.0475488,7616.49609375,10.647993,8.482652999999999,12.296367,9.363421252549813,,0.11,0.9999968000000001,17.261364,32.017109999999995,15.94333,10260,2.0270143,,11.056902000000001,16.69296,-322.14026
513,511.5013,17.261364,,0.19,0.99513876,10.127951,514,0.958,8.470077499999999,2.043384,7649.567447185516,10.6443,8.483216,12.305091000000001,9.303451118768047,,0.11,0.9999968000000001,17.261364,32.019417,15.974723000000001,10280,2.0412296999999997,,11.05187,16.786343,-321.4795
514,512.52026,17.261364,,0.19,0.99518496,10.126007000000001,515,0.958,8.529043,2.039253,7672.7152564525595,10.640483,8.48363,12.307093,9.367293667766548,,0.11,0.9999968000000001,17.261364,32.020379999999996,16.006065,10300,2.0145822,,11.046971000000001,13.342339,-320.82797
515,513.506,17.261364,,0.19,0.99516666,10.124067,516,0.958,8.554116,2.0351536,7706.363317966461,10.636234,8.483588000000001,12.305994,9.392761520944703,,0.11,0.9999968000000001,17.261364,32.019394,16.037342000000002,10320,1.9775525,,11.042141,11.745766,-320.1821
516,514.47284,17.261364,,0.19,0.9951119,10.122131,517,0.958,8.563061,2.0310857,7736.382177352905,10.631735,8.483269,12.312725,9.403925961147733,,0.11,0.9999968000000001,17.261364,32.017376,16.06855,10340,1.954752,,11.037346000000001,15.792257000000001,-319.53094
517,515.4150400000001,17.261364,,0.19,0.9950097,10.120199000000001,518,0.958,8.565183,2.0270509999999997,7769.410656690597,10.626862,8.48255,12.310808,9.408040425147004,,0.11,0.9999968000000001,17.261364,32.013992,16.09968,10360,1.9260602,,11.032574,11.324546,-318.89099999999996
518,516.44727,17.261364,,0.19,0.9950814,10.118269999999999,519,0.958,8.508725,2.0230477,7802.018359422685,10.623280000000001,8.483101,12.32243,9.345349097674186,,0.11,0.9999968000000001,17.261364,32.01628,16.130770000000002,10380,2.0120956999999997,,11.027711,18.348423,-318.23984
519,517.4082,17.261364,,0.19,0.9950158000000001,10.116344999999999,520,0.958,8.565435,2.0190752,7826.548285722733,10.618763000000001,8.482693,12.3354225,9.408799074666497,,0.11,0.9999968000000001,17.261364,32.014282,16.161793,10400,1.9370851999999998,,11.022976,19.085495,-317.58987
520,518.3894,17.261364,,0.19,0.9949893,10.114424,521,0.958,8.555603,2.0151336,7859.99982905388,10.61457,8.482585,12.337762,9.396873487086175,,0.11,0.9999968000000001,17.261364,32.013645000000004,16.192764,10420,1.9535723000000003,,11.018239999999999,13.559337,-316.95297
521,519.42444,17.261364,,0.19,0.995066,10.112506,522,0.958,8.499037,2.0112228,7882.345631361009,10.61106,8.483138,12.344566,9.333761973203123,,0.11,0.9999968000000001,17.261364,32.016438,16.223679999999998,10440,2.0033798,,11.013413,15.896393,-316.314
522,520.4106400000001,17.261364,,0.19,0.99504906,10.110593,523,0.958,8.5572605,2.0073423,7909.490310668945,10.606997999999999,8.483116,12.346486,9.394383595883543,,0.11,0.9999968000000001,17.261364,32.016335,16.254535999999998,10460,1.9512113000000002,,11.008716999999999,13.353926999999999,-315.6824
523,521.4368,17.261364,,0.19,0.9951084000000001,10.108683000000001,524,0.958,8.517192999999999,2.0034907,7940.019016981126,10.60346,8.483594,12.350741000000001,9.355776797872252,,0.11,0.9999968000000001,17.261364,32.018806,16.28533,10480,1.9874539,,11.0039625,14.582403,-315.0508
524,522.4665,17.261364,,0.19,0.9951743000000001,10.106775,525,0.958,8.511721000000001,1.9996691000000002,7967.000037193298,10.59998,8.484107,12.358322,9.34839097010892,,0.11,0.9999968000000001,17.261364,32.021595,16.316067,10500,1.9874671999999998,,10.999215,16.335504999999998,-314.41827
525,523.4678,17.261364,,0.19,0.99518585,10.104873,526,0.958,8.550305,1.9958758,7988.677089691162,10.596202,8.484301,12.370147,9.38891433578994,,0.11,0.9999968000000001,17.261364,32.02274,16.346752,10520,1.9555948,,10.994558,18.58442,-313.78394
526,524.50354,17.261364,,0.19,0.99526286,10.102974,527,0.958,8.48623,1.9921106,8011.046970605849,10.592765,8.484812,12.369375999999999,9.3218262908489,,0.11,0.9999968000000001,17.261364,32.026115000000004,16.377370000000003,10540,1.9865538,,10.989799,11.969223,-313.1645
527,525.5266,17.261364,,0.19,0.99531555,10.101078,528,0.958,8.52033,1.9883753,8043.7807981967935,10.589272,8.485244999999999,12.370952,9.35893425577127,,0.11,0.9999968000000001,17.261364,32.02881,16.407934,10560,1.9705641999999999,,10.985123,13.2071,-312.5451
528,526.53345,17.261364,,0.19,0.9953373,10.099186,529,0.958,8.541199,1.9846678,8074.3892891407,10.585613,8.485492,12.369334,9.378594930240347,,0.11,0.9999968000000001,17.261364,32.030609999999996,16.438446,10580,1.9509025000000002,,10.980502,11.521022,-311.93124
529,527.5321700000001,17.261364,,0.19,0.9953436999999999,10.097297,530,0.958,8.545344,1.9809860000000001,8100.739068031311,10.58186,8.485621,12.376896,9.388954061576714,,0.11,0.9999968000000001,17.261364,32.03202,16.4689,10600,1.9393327,,10.975907000000001,16.382772,-311.3105
530,528.5682400000001,17.261364,,0.19,0.9954204,10.095412,531,0.958,8.482451,1.9773338,8123.300642490387,10.578497,8.48612,12.38422,9.317550585625394,,0.11,0.9999968000000001,17.261364,32.035824,16.499287,10620,1.9732835,,10.971211,16.271458,-310.69232
531,529.5783,17.261364,,0.19,0.99544793,10.093531,532,0.958,8.5417185,1.9737071,8150.718557596208,10.574950999999999,8.486415,12.399324,9.381869114909687,,0.11,0.9999968000000001,17.261364,32.03812,16.529629999999997,10640,1.9439323,,10.966645,20.425606,-310.06866
532,530.6088,17.261364,,0.19,0.99551374,10.091652999999999,533,0.958,8.507361999999999,1.9701096000000002,8178.892387628554,10.5716305,8.486913000000001,12.412944,9.342752783311532,,0.11,0.9999968000000001,17.261364,32.04177,16.559910000000002,10660,1.9610743999999998,,10.962031,19.663527,-309.44876
533,531.6334,17.261364,,0.19,0.9955681999999999,10.089777999999999,534,0.958,8.523071,1.9665354,8207.246298789978,10.568291,8.487371000000001,12.426844000000001,9.358600165454181,,0.11,0.9999968000000001,17.261364,32.04515,16.590135999999998,10680,1.9518868999999999,,10.957464,19.84029,-308.83083999999997
534,532.65765,17.261364,,0.19,0.9956218000000001,10.087907000000001,535,0.958,8.517136,1.9629903000000002,8232.449934244156,10.564943,8.487802,12.428969,9.353930116050263,,0.11,0.9999968000000001,17.261364,32.048607000000004,16.620306,10700,1.9483905,,10.952902,13.569876999999998,-308.22700000000003
535,533.613,17.261364,,0.19,0.9955466000000001,10.086039999999999,536,0.958,8.566581,1.9594703000000002,8255.095597982407,10.560696,8.487308500000001,12.435494,9.409101379750131,,0.11,0.9999968000000001,17.261364,32.048046,16.650406,10720,1.8761985,,10.94845,15.931951500000002,-307.62102999999996
536,534.64526,17.261364,,0.19,0.9956149999999999,10.084176,537,0.958,8.497783,1.9559752000000001,8278.571067810059,10.557444,8.487793,12.448400999999999,9.332563211120707,,0.11,0.9999968000000001,17.261364,32.05218,16.680464,10740,1.9496433000000002,,10.943887,19.371277,-307.0109
537,535.64465,17.261364,,0.19,0.99562204,10.082315,538,0.958,8.549368,1.952505,8304.830513238907,10.553874,8.487941000000001,12.459658000000001,9.389797972044839,,0.11,0.9999968000000001,17.261364,32.054424,16.710473999999998,10760,1.9135863999999998,,10.939436,18.509287,-306.40463
538,536.6614,17.261364,,0.19,0.9956611999999999,10.080459,539,0.958,8.527158,1.9490613999999997,8332.534223079681,10.550519,8.488282,12.460042,9.366519531218433,,0.11,0.9999968000000001,17.261364,32.0578,16.74043,10780,1.9276681,,10.934959,12.672797000000001,-305.8114
539,537.6469999999999,17.261364,,0.19,0.99564254,10.078605,540,0.958,8.557311,1.9456423999999999,8355.111743450165,10.546799,8.488238,12.467531,9.397353981709,,0.11,0.9999968000000001,17.261364,32.05942,16.770326999999998,10800,1.8933967,,10.930557,16.5092,-305.21338
540,538.66614,17.261364,,0.19,0.9956860000000001,10.076755,541,0.958,8.526405,1.9422461,8384.774285793304,10.543517,8.488614,12.475237,9.365250070495414,,0.11,0.9999968000000001,17.261364,32.063126000000004,16.800175,10820,1.9236573000000001,,10.926114,16.640793,-304.6172
541,539.6619,17.261364,,0.19,0.99568623,10.074908,542,0.958,8.543369,1.9388759999999998,8408.664331436157,10.539946,8.488681,12.476337,9.388402829632474,,0.11,0.9999968000000001,17.261364,32.065533,16.82997,10840,1.8971996,,10.921719,13.077127,-304.02988
542,540.6752,17.261364,,0.19,0.99571854,10.073065,543,0.958,8.535435000000001,1.9355301999999999,8436.332724571228,10.53664,8.488994,12.477505,9.37141019513306,,0.11,0.9999968000000001,17.261364,32.069065,16.85971,10860,1.9114379000000001,,10.917323,13.116601999999999,-303.44464
543,541.6978,17.261364,,0.19,0.9957681,10.071225,544,0.958,8.522505,1.9322069,8459.099371671677,10.533455,8.489408000000001,12.488111,9.358637553570132,,0.11,0.9999968000000001,17.261364,32.073246000000005,16.889398999999997,10880,1.9177811000000002,,10.912921,18.251389,-302.85208
544,542.6312,17.261364,,0.19,0.9956536,10.069388,545,0.958,8.570032000000001,1.9289075,8489.659409999847,10.529057,8.4885845,12.48676,9.412466488380913,,0.11,0.9999968000000001,17.261364,32.072309999999995,16.918993,10900,1.8254815,,10.908623,11.757247,-302.27367999999996
545,543.58826,17.261364,,0.19,0.9955828999999999,10.067555,546,0.958,8.568249,1.9256322,8519.270591735842,10.525039,8.488127,12.499542,9.412041340607342,,0.11,0.9999968000000001,17.261364,32.072826,16.94856,10920,1.8457127,,10.904336,19.470898000000002,-301.68332000000004
546,544.61475,17.261364,,0.19,0.9956394000000001,10.065725,547,0.958,8.511351,1.922379,8547.114253044128,10.521927999999999,8.488559,12.508,9.348112315739476,,0.11,0.9999968000000001,17.261364,32.077503,16.978089999999998,10940,1.9118279999999999,,10.899960499999999,17.131178,-301.0993
547,545.5495599999999,17.261364,,0.19,0.9955284,10.063899000000001,548,0.958,8.573298,1.9191477,8577.933476924896,10.517621,8.487772,12.510596000000001,9.414142002546797,,0.11,0.9999968000000001,17.261364,32.076935,17.007534,10960,1.8171321,,10.895716,13.93564,-300.52332
548,546.5682400000001,17.261364,,0.19,0.99557054,10.062076,549,0.958,8.526375999999999,1.9159401999999999,8610.005394220352,10.514479,8.488135,12.512532,9.36341075453977,,0.11,0.9999968000000001,17.261364,32.081317999999996,17.036963,10980,1.8978384999999998,,10.891399,13.578776999999999,-299.95
549,547.5823,17.261364,,0.19,0.99560416,10.060255999999999,550,0.958,8.534246000000001,1.9127543999999999,8642.227400541306,10.511308999999999,8.488453999999999,12.518114,9.372402622958194,,0.11,0.9999968000000001,17.261364,32.08551,17.066341,11000,1.8901293999999997,,10.887114,15.587714000000002,-299.37518
550,548.5991,17.261364,,0.19,0.99564266,10.058439,551,0.958,8.533287,1.9095921999999999,8666.23497080803,10.508192,8.488808,12.529622999999999,9.370415063275507,,0.11,0.9999968000000001,17.261364,32.089943,17.095670000000002,11020,1.8899583,,10.882842,18.864898999999998,-298.79642
551,549.6261,17.261364,,0.19,0.99569947,10.056626,552,0.958,8.5073,1.9064515,8690.113204240799,10.505161,8.489229,12.532561999999999,9.341961957546594,,0.11,0.9999968000000001,17.261364,32.09506,17.124945,11040,1.8973445,,10.878538,14.157616,-298.22832999999997
552,550.6231700000001,17.261364,,0.19,0.9957019,10.054816,553,0.958,8.551729,1.9033304,8720.18201136589,10.501837,8.489339,12.542914999999999,9.39188817678076,,0.11,0.9999968000000001,17.261364,32.098495,17.154173,11060,1.8644761000000003,,10.8743305,18.26301,-297.65488
553,551.6478,17.261364,,0.19,0.9957541999999999,10.053009,554,0.958,8.508964,1.9002327,8750.118444919586,10.49881,8.489728999999999,12.537969,9.34517862198606,,0.11,0.9999968000000001,17.261364,32.103634,17.183346,11080,1.8891923,,10.870061,9.806814,-297.09875
554,552.6655,17.261364,,0.19,0.99579376,10.051206,555,0.958,8.528839,1.8971544999999999,8772.388890504837,10.495757000000001,8.490076,12.550011,9.368110199973824,,0.11,0.9999968000000001,17.261364,32.10843,17.212475,11100,1.8793718000000001,,10.865842,19.226267,-296.52765
555,553.69385,17.261364,,0.19,0.99585223,10.049406,556,0.958,8.497264999999999,1.8940991999999999,8797.357802867891,10.492778999999999,8.49048,12.5393715,9.328193418226483,,0.11,0.9999968000000001,17.261364,32.113929999999996,17.241547,11120,1.8872331000000002,,10.861583,6.6397314,-295.98123
556,554.71747,17.261364,,0.19,0.9959021,10.047608,557,0.958,8.513512,1.8910634999999998,8823.912848949432,10.4897995,8.490866,12.545978,9.351266218088453,,0.11,0.9999968000000001,17.261364,32.11923,17.270573000000002,11140,1.8797661,,10.8573675,16.223398,-295.4196
557,555.7406599999999,17.261364,,0.19,0.995951,10.0458145,558,0.958,8.516264999999999,1.8880486,8849.302697181702,10.486837,8.491252000000001,12.558471,9.3544619182274,,0.11,0.9999968000000001,17.261364,32.12457,17.299553,11160,1.8765634999999998,,10.85317,19.521866,-294.85406
558,556.7508,17.261364,,0.19,0.9959764000000001,10.044024,559,0.958,8.535652,1.8850529999999999,8876.480558872223,10.483756,8.491503,12.5632515,9.37582978922125,,0.11,0.9999968000000001,17.261364,32.129227,17.328484,11180,1.8607884999999997,,10.849026,15.235851,-294.29822
559,557.78406,17.261364,,0.19,0.99604297,10.042237,560,0.958,8.457888,1.8820801999999999,8907.524405479431,10.480785000000001,8.491846,12.560791,9.291127572110804,,0.11,0.9999968000000001,17.261364,32.135307,17.357359,11200,1.8811740000000001,,10.844756,11.19098,-293.75156
560,558.79333,17.261364,,0.19,0.9960665999999999,10.040453,561,0.958,8.535414,1.8791244999999999,8931.367275238037,10.477722,8.492082,12.566622,9.377071895723534,,0.11,0.9999968000000001,17.261364,32.140064,17.386192,11220,1.8544976000000002,,10.840639,15.835839000000002,-293.19864
561,559.8201,17.261364,,0.19,0.9961211999999999,10.038672,562,0.958,8.496041,1.8761896,8960.78761267662,10.474808,8.492449,12.566784,9.33397165016295,,0.11,0.9999968000000001,17.261364,32.1459,17.414978,11240,1.8692476000000002,,10.836468,12.663077000000001,-292.6533
562,560.81805,17.261364,,0.19,0.99612445,10.036895,563,0.958,8.548291,1.8732753,8988.719843864441,10.471645,8.492553,12.570492999999999,9.387906538901358,,0.11,0.9999968000000001,17.261364,32.15015,17.443714,11260,1.8377876,,10.832402,14.659822,-292.10635
563,561.84705,17.261364,,0.19,0.9961827,10.03512,564,0.958,8.492871000000001,1.8703779999999999,9014.12795829773,10.468786,8.492942999999999,12.58164,9.325662520098076,,0.11,0.9999968000000001,17.261364,32.156254,17.472404,11280,1.8660166,,10.828255,18.861015,-291.55386
564,562.8651,17.261364,,0.19,0.9962214,10.033348,565,0.958,8.52489,1.8675013999999999,9048.595781087875,10.465883999999999,8.493275,12.594056,9.364141391211842,,0.11,0.9999968000000001,17.261364,32.161804,17.501043,11300,1.8526078000000001,,10.824178,19.601688,-291.00203999999997
565,563.88446,17.261364,,0.19,0.9962622999999999,10.03158,566,0.958,8.521708,1.8646433,9072.03582406044,10.463001,8.493609,12.59627,9.3568824198052,,0.11,0.9999968000000001,17.261364,32.167484,17.529642000000003,11320,1.851082,,10.820109,13.852135999999998,-290.46234
566,564.8824,17.261364,,0.19,0.99626523,10.029815,567,0.958,8.549261,1.8618056,9102.52760887146,10.459903,8.493713,12.602783,9.388970328372118,,0.11,0.9999968000000001,17.261364,32.172012,17.558193,11340,1.8271693,,10.816105,16.293723999999997,-289.92032
567,565.825,17.261364,,0.19,0.9961708,10.028052,568,0.958,8.570739999999999,1.8589846,9135.013990163803,10.456057000000001,8.493051,12.605113000000001,9.413372496902248,,0.11,0.9999968000000001,17.261364,32.173527,17.586664000000003,11360,1.7691655,,10.812152000000001,13.930182,-289.38434
568,566.84656,17.261364,,0.19,0.9962154000000001,10.026294,569,0.958,8.517989,1.856182,9161.841405391691,10.453242999999999,8.493408,12.614930000000001,9.353914433166805,,0.11,0.9999968000000001,17.261364,32.179546,17.61512,11380,1.8451353,,10.808119999999999,18.196325,-288.8427
569,567.8357,17.261364,,0.19,0.99620295,10.024538,570,0.958,8.556188,1.8533978,9189.104960680008,10.45008,8.493400999999999,12.621409,9.395971915473252,,0.11,0.9999968000000001,17.261364,32.183792,17.64353,11400,1.8101928,,10.80417,16.311953,-288.3063
570,568.8495,17.261364,,0.19,0.99623376,10.022785,571,0.958,8.53099,1.850632,9220.975654125214,10.44722,8.493681,12.628203,9.369922722653854,,0.11,0.9999968000000001,17.261364,32.1895,17.671896,11420,1.8320933999999998,,10.800188,16.50485,-287.77142000000003
571,569.7743,17.261364,,0.19,0.9961089,10.021035000000001,572,0.958,8.577106,1.8478842,9252.864551544191,10.443192,8.492773,12.629317,9.417404482408848,,0.11,0.9999968000000001,17.261364,32.19034,17.700165,11440,1.7406462,,10.796301,13.271015,-287.24414
572,570.79645,17.261364,,0.19,0.99615437,10.019288000000001,573,0.958,8.513626,1.8451548,9280.787409305573,10.440432000000001,8.493122999999999,12.62989,9.347708908517962,,0.11,0.9999968000000001,17.261364,32.196663,17.728436,11460,1.8350292000000001,,10.792317,12.961848,-286.71918
573,571.82275,17.261364,,0.19,0.9962068999999999,10.017545,574,0.958,8.497631,1.8424416000000001,9310.078265190125,10.4376955,8.493483,12.639172,9.334060776574882,,0.11,0.9999968000000001,17.261364,32.20328,17.75666,11480,1.8366873,,10.78832,17.96197,-286.18732
574,572.8445,17.261364,,0.19,0.9962513000000001,10.015804,575,0.958,8.513208,1.8397464,9339.474399089811,10.434956,8.493822999999999,12.645545,9.350336023872208,,0.11,0.9999968000000001,17.261364,32.2097,17.784843,11500,1.8296976999999999,,10.784363,16.307594,-285.66016
575,573.8657,17.261364,,0.19,0.9962947,10.014066999999999,576,0.958,8.515308000000001,1.8370674,9364.465188980104,10.432226,8.494161,12.657571,9.353864828242552,,0.11,0.9999968000000001,17.261364,32.216156,17.812979000000002,11520,1.8267198,,10.780424,19.577291,-285.1292
576,574.7977,17.261364,,0.19,0.9961832,10.012332,577,0.958,8.575961,1.8344063999999998,9402.399989128111,10.428384,8.493364999999999,12.666445,9.419558992967104,,0.11,0.9999968000000001,17.261364,32.217743,17.84103,11540,1.7351866999999999,,10.776603999999999,17.781805,-284.60327
577,575.75977,17.261364,,0.19,0.99612415,10.0106,578,0.958,8.567905,1.8317613999999998,9435.362107515335,10.424971000000001,8.492989,12.675294000000001,9.411113329332943,,0.11,0.9999968000000001,17.261364,32.221024,17.869072,11560,1.7621322,,10.772782000000001,17.785868,-284.07912999999996
578,576.75806,17.261364,,0.19,0.9961279000000001,10.008871000000001,579,0.958,8.544235,1.8291342000000002,9460.805312871933,10.422039,8.49308,12.676102,9.387032826619473,,0.11,0.9999968000000001,17.261364,32.226383,17.897078,11580,1.7958865000000002,,10.768933,13.147582,-283.56476000000004
579,577.77295,17.261364,,0.19,0.99616027,10.007146,580,0.958,8.529144,1.826523,9485.540204286575,10.419316,8.493366,12.685039999999999,9.368655989744482,,0.11,0.9999968000000001,17.261364,32.232727000000004,17.925041,11600,1.8099408,,10.765071,17.86555,-283.04404
580,578.7671,17.261364,,0.19,0.99615675,10.005424,581,0.958,8.552988000000001,1.8239293,9510.881856918337,10.416377,8.493422,12.695903999999999,9.394943312923301,,0.11,0.9999968000000001,17.261364,32.237984000000004,17.952955,11620,1.7869072,,10.761265,19.001303,-282.5232
581,579.78314,17.261364,,0.19,0.99619097,10.003703,582,0.958,8.528397,1.8213499,9542.619216918943,10.413692,8.493719,12.702571,9.365185576850674,,0.11,0.9999968000000001,17.261364,32.24451,17.980832999999997,11640,1.8061198,,10.757427999999999,16.581,-282.00824
582,580.7814,17.261364,,0.19,0.9961945,10.001986500000001,583,0.958,8.540801,1.8187878,9579.946035146711,10.410803999999999,8.493797,12.698439,9.38490037648282,,0.11,0.9999968000000001,17.261364,32.250107,18.008665,11660,1.7860962,,10.753625,10.29687,-281.50586
583,581.7832,17.261364,,0.19,0.99620414,10.000273,584,0.958,8.5458,1.8162416000000001,9601.52462863922,10.407993,8.49394,12.702321000000001,9.384902385603187,,0.11,0.9999968000000001,17.261364,32.255966,18.036453,11680,1.7872515,,10.749845,14.9705,-280.99722
584,582.8100599999999,17.261364,,0.19,0.99625653,9.998562,585,0.958,8.490589,1.813711,9630.13052225113,10.405391999999999,8.494278,12.708332,9.323801167462284,,0.11,0.9999968000000001,17.261364,32.263268,18.064198,11700,1.8097303,,10.745983,16.22287,-280.48812999999996
585,583.8119,17.261364,,0.19,0.996266,9.996853999999999,586,0.958,8.5478,1.8111960999999999,9660.883181810379,10.402613,8.494425999999999,12.716141,9.386449437375207,,0.11,0.9999968000000001,17.261364,32.269245,18.091898,11720,1.7826519,,10.742231,17.288902,-279.97900000000004
586,584.8379,17.261364,,0.19,0.9963166999999999,9.99515,587,0.958,8.491622999999999,1.8086967,9693.678607463835,10.400027,8.494753,12.717661,9.32491971974174,,0.11,0.9999968000000001,17.261364,32.276615,18.119555,11740,1.8042812,,10.738398,13.613021,-279.4778
587,585.8419,17.261364,,0.19,0.9963298,9.993447,588,0.958,8.540066,1.8062129,9719.163685083391,10.397283999999999,8.494908,12.718307000000001,9.380756131245755,,0.11,0.9999968000000001,17.261364,32.282818,18.147175,11760,1.7801206000000003,,10.734658999999999,13.1015625,-278.97927999999996
588,586.85974,17.261364,,0.19,0.99636626,9.991748,589,0.958,8.513321000000001,1.8037444,9759.362477779388,10.394669,8.49518,12.711985,9.353398485181406,,0.11,0.9999968000000001,17.261364,32.289837,18.174751,11780,1.7914647000000001,,10.730887,8.999294,-278.48935
589,587.8823,17.261364,,0.19,0.9964107,9.990051,590,0.958,8.507519,1.8012897,9797.53720998764,10.39212,8.495503999999999,12.7171755,9.34100722792021,,0.11,0.9999968000000001,17.261364,32.297184,18.202278,11800,1.7941816000000002,,10.7271185,15.779678,-277.98956
590,588.90814,17.261364,,0.19,0.9964605,9.988358,591,0.958,8.48674,1.7988503,9830.87137889862,10.389567,8.495811,12.719192,9.321407436351755,,0.11,0.9999968000000001,17.261364,32.304756,18.229767000000002,11820,1.7950733,,10.723329,13.912364000000002,-277.49466
591,589.9209999999999,17.261364,,0.19,0.9964881999999999,9.986668,592,0.958,8.5326185,1.7964262,9873.14753127098,10.386975999999999,8.496068,12.72521,9.369126712628637,,0.11,0.9999968000000001,17.261364,32.311657000000004,18.25722,11840,1.779883,,10.719627000000001,16.286474,-276.99747
592,590.9372,17.261364,,0.19,0.9965214,9.98498,593,0.958,8.522938,1.7940173,9897.865792512894,10.384418,8.496344,12.733141999999999,9.36217711791556,,0.11,0.9999968000000001,17.261364,32.3188,18.284626,11860,1.7810308000000001,,10.715923,17.432377,-276.49997
593,591.9574,17.261364,,0.19,0.9965613000000001,9.983294500000001,594,0.958,8.51492,1.7916218999999998,9924.854843616486,10.381903,8.496651,12.74045,9.349782570228292,,0.11,0.9999968000000001,17.261364,32.326209999999996,18.311995,11880,1.7826928,,10.712218,17.077485999999997,-276.00476000000003
594,592.97156,17.261364,,0.19,0.99659085,9.981612,595,0.958,8.528445,1.7892417,9955.380362987518,10.379356,8.496913000000001,12.748026,9.366196617011992,,0.11,0.9999968000000001,17.261364,32.333346999999996,18.33932,11900,1.7746288000000001,,10.708548,17.25317,-275.51093
595,593.98224,17.261364,,0.19,0.9966145000000001,9.979934,596,0.958,8.534614999999999,1.7868766,9983.980372667313,10.376786,8.49714,12.753599000000001,9.372327666505564,,0.11,0.9999968000000001,17.261364,32.340340000000005,18.366606,11920,1.7688433000000001,,10.704901,16.073454,-275.02075
596,595.00415,17.261364,,0.19,0.9966569,9.978257000000001,597,0.958,8.501599,1.7845247,10009.624427556992,10.374294,8.497432,12.755056,9.33777075800526,,0.11,0.9999968000000001,17.261364,32.347996,18.393848000000002,11940,1.7779794999999998,,10.701209,13.628179999999999,-274.5363
597,595.9978,17.261364,,0.19,0.9966518,9.9765835,598,0.958,8.554494,1.7821862000000002,10039.193456888199,10.371564999999999,8.497474,12.761528,9.393373743345133,,0.11,0.9999968000000001,17.261364,32.354164000000004,18.421055,11960,1.7475256000000001,,10.69762,16.627827,-274.04843
598,597.0238,17.261364,,0.19,0.9967007999999999,9.974913,599,0.958,8.479519999999999,1.7798610000000001,10069.570237159727,10.369083999999999,8.497753,12.76523,9.311337902982805,,0.11,0.9999968000000001,17.261364,32.362144,18.448215,11980,1.7775386999999998,,10.693916999999999,14.983825,-273.56494
599,598.0339,17.261364,,0.19,0.9967231,9.973245,600,0.958,8.533066,1.7775506,10105.838552236557,10.366551,8.497967,12.768844,9.371711278027707,,0.11,0.9999968000000001,17.261364,32.369305,18.475338,12000,1.7596903999999998,,10.690316000000001,14.937122,-273.0832
600,599.0535,17.261364,,0.19,0.99676126,9.971579,601,0.958,8.5108795,1.775255,10137.178252458572,10.364098,8.498248,12.77477,9.347779654281142,,0.11,0.9999968000000001,17.261364,32.377033000000004,18.502422,12020,1.7669685000000002,,10.686689,16.33475,-272.60067999999995
601,599.876,17.261364,,0.19,0.9964716999999998,9.969916,602,0.958,8.591553,1.7729708999999998,10166.236038923264,10.359107,8.495953,12.780282000000001,9.434785744904051,,0.11,0.9999968000000001,17.261364,32.374664,18.52918,12040,1.5677809999999999,,10.683209,16.097002,-272.1204
602,600.8832,17.261364,,0.19,0.9964895,9.968257000000001,603,0.958,8.540203,1.7707016,10191.434798002243,10.356589999999999,8.496147,12.790506,9.380507421963092,,0.11,0.9999968000000001,17.261364,32.381820000000005,18.556189,12060,1.7496,,10.679655,18.949558,-271.63675
603,601.89404,17.261364,,0.19,0.9965132999999999,9.966599,604,0.958,8.531206,1.7684453000000002,10218.46608519554,10.354109,8.496366,12.792188000000001,9.370248269836585,,0.11,0.9999968000000001,17.261364,32.389225,18.583157,12080,1.7512043000000002,,10.676098,13.810087,-271.1632
604,602.9184,17.261364,,0.19,0.9965593,9.964946000000001,605,0.958,8.4871645,1.766202,10250.098412513731,10.351704,8.496648,12.793695,9.321639523161778,,0.11,0.9999968000000001,17.261364,32.39741,18.610079000000002,12100,1.7625875,,10.672481,13.708639000000002,-270.69144
605,603.9251,17.261364,,0.19,0.9965761000000001,9.963294,606,0.958,8.541573,1.7639716,10275.771605491638,10.349214,8.496835,12.804691,9.381300509718026,,0.11,0.9999968000000001,17.261364,32.404682,18.63697,12120,1.7428554,,10.668963,19.460936,-270.2117
606,604.9277,17.261364,,0.19,0.99658597,9.961644999999999,607,0.958,8.548645,1.761754,10310.238554239273,10.3467,8.496985,12.81828,9.388067449757349,,0.11,0.9999968000000001,17.261364,32.41178,18.66382,12140,1.7366536,,10.66547,21.058224,-269.73096
607,605.8978,17.261364,,0.19,0.99654245,9.959999,608,0.958,8.558011,1.7595493999999998,10333.494444608688,10.343766,8.496705,12.810319999999999,9.402011830010897,,0.11,0.9999968000000001,17.261364,32.417206,18.690624,12160,1.7021072,,10.6620035,7.98182,-269.27332
608,606.8712,17.261364,,0.19,0.9965045,9.958356,609,0.958,8.565994,1.7573576000000002,10364.130733251572,10.340914,8.496493,12.819105,9.408261888123414,,0.11,0.9999968000000001,17.261364,32.422855,18.717389999999998,12180,1.7032325000000001,,10.658563000000001,18.164386999999998,-268.80045
609,607.85474,17.261364,,0.19,0.99648315,9.956714999999999,610,0.958,8.556583,1.7551785,10395.048756837845,10.338188,8.496399,12.817965,9.398246480579914,,0.11,0.9999968000000001,17.261364,32.429085,18.744122,12200,1.7111287,,10.655116,12.12763,-268.33905
610,608.8692599999999,17.261364,,0.19,0.9965127,9.955077000000001,611,0.958,8.520105000000001,1.7530122,10419.931867361069,10.335803,8.496633000000001,12.816411,9.360692574344721,,0.11,0.9999968000000001,17.261364,32.43701,18.770819,12220,1.7399275,,10.651622,11.872357000000001,-267.8795
611,609.88464,17.261364,,0.19,0.9965434999999999,9.953441999999999,612,0.958,8.524721000000001,1.7508584999999999,10443.951422691343,10.333454,8.496891999999999,12.826186,9.363371675063078,,0.11,0.9999968000000001,17.261364,32.445026,18.797477999999998,12240,1.7388078999999999,,10.648147,18.803558,-267.41016
612,610.9056,17.261364,,0.19,0.99658334,9.951808999999999,613,0.958,8.503404,1.7487158999999999,10475.835371971129,10.331133,8.497169,12.831151,9.340090560888408,,0.11,0.9999968000000001,17.261364,32.453384,18.824095,12260,1.7424666000000002,,10.644649000000001,15.872786999999999,-266.94714
613,611.8996,17.261364,,0.19,0.9965792,9.950178999999999,614,0.958,8.549953,1.7465858,10509.59237408638,10.328579,8.4972,12.835037,9.392789903897157,,0.11,0.9999968000000001,17.261364,32.460353999999995,18.850676,12280,1.7135913,,10.641236,15.221898999999999,-266.4867
614,612.8861,17.261364,,0.19,0.9965628000000001,9.948551,615,0.958,8.560574,1.7444685000000002,10549.654466867447,10.32596,8.497156,12.844606,9.401453919549047,,0.11,0.9999968000000001,17.261364,32.46697,18.87722,12300,1.7039604,,10.637853999999999,18.723835,-266.02206
615,613.844,17.261364,,0.19,0.9965,9.946927,616,0.958,8.571259,1.7423634999999997,10588.244081020357,10.322985000000001,8.496744,12.849836,9.413534394969153,,0.11,0.9999968000000001,17.261364,32.47214,18.903710999999998,12320,1.6733055000000001,,10.634499,16.071016,-265.56332000000003
616,614.8155,17.261364,,0.19,0.9964594999999999,9.945305000000001,617,0.958,8.562656,1.7402693999999999,10618.502104520798,10.320185,8.496497,12.854253,9.40780643156351,,0.11,0.9999968000000001,17.261364,32.478065,18.930176,12340,1.6847286,,10.631141,15.578005,-265.10677999999996
617,615.82385,17.261364,,0.19,0.99647874,9.943686,618,0.958,8.539508999999999,1.7381861,10653.36605477333,10.317843,8.496698,12.862966,9.377864712444016,,0.11,0.9999968000000001,17.261364,32.485977,18.956606,12360,1.7195928,,10.627756,18.242517000000003,-264.6474
618,616.8343,17.261364,,0.19,0.99650127,9.942069,619,0.958,8.538618,1.736117,10690.69323348999,10.315538,8.496925,12.872711,9.3746347945365,,0.11,0.9999968000000001,17.261364,32.49403,18.983004,12380,1.7196223999999998,,10.624382,18.899843,-264.18845
619,617.8572,17.261364,,0.19,0.9965438,9.9404545,620,0.958,8.494788,1.7340585,10722.095422744753,10.31329,8.497199,12.878916,9.32761387283358,,0.11,0.9999968000000001,17.261364,32.502790000000005,19.00936,12400,1.7301567999999998,,10.620946,16.72397,-263.7345
620,618.8764,17.261364,,0.19,0.99658036,9.938842999999999,621,0.958,8.51291,1.7320107,10757.058744192123,10.311055999999999,8.497475999999999,12.88777,9.34777344818467,,0.11,0.9999968000000001,17.261364,32.511390000000006,19.035679000000002,12420,1.7247400000000002,,10.617552,18.380274,-263.27932999999996
621,619.8906,17.261364,,0.19,0.99660873,9.937234,622,0.958,8.523975,1.7299753,10794.370243310928,10.308788999999999,8.497710000000001,12.892799,9.363080519733776,,0.11,0.9999968000000001,17.261364,32.519764,19.061966,12440,1.7177276999999997,,10.614185,16.020917999999998,-262.82944
622,620.8996599999999,17.261364,,0.19,0.99662864,9.935627,623,0.958,8.537222,1.7279506000000002,10836.020851135254,10.3064995,8.4979105,12.903278,9.376971355128713,,0.11,0.9999968000000001,17.261364,32.527905,19.088214999999998,12460,1.7106948,,10.610851,19.42541,-262.3755
623,621.9132,17.261364,,0.19,0.99665576,9.934024,624,0.958,8.523283000000001,1.7259363,10869.336793899536,10.304241000000001,8.498133000000001,12.903911,9.362150630281349,,0.11,0.9999968000000001,17.261364,32.53632,19.11443,12480,1.7133642,,10.607507,13.30114,-261.93282999999997
624,622.93585,17.261364,,0.19,0.99669737,9.932423,625,0.958,8.487307000000001,1.7239343,10903.467058897018,10.302019999999999,8.498382000000001,12.910057,9.323912115037093,,0.11,0.9999968000000001,17.261364,32.545258000000004,19.140601999999998,12500,1.7206032999999998,,10.604115,16.750166,-261.4861
625,623.94055,17.261364,,0.19,0.9967101,9.930823,626,0.958,8.543467999999999,1.7219429,10940.609567642212,10.299717,8.498538,12.917367,9.382220943260695,,0.11,0.9999968000000001,17.261364,32.553290000000004,19.166742000000003,12520,1.7008886000000003,,10.600822,17.489195000000002,-261.03958
626,624.9612,17.261364,,0.19,0.99674827,9.929228,627,0.958,8.503986,1.7199619,10974.05295038223,10.297531,8.498802,12.926639999999999,9.338010778401946,,0.11,0.9999968000000001,17.261364,32.562187,19.19285,12540,1.7148043999999998,,10.597478,18.735623999999998,-260.59252999999995
627,625.9828,17.261364,,0.19,0.9967879000000001,9.927634,628,0.958,8.493752,1.717993,11005.668539047241,10.29534,8.499051,12.928497,9.327087973253738,,0.11,0.9999968000000001,17.261364,32.57118,19.218918,12560,1.714018,,10.594128,14.097089000000002,-260.15427
628,626.9881,17.261364,,0.19,0.99680144,9.926043,629,0.958,8.5407715,1.7160346999999998,11032.336308717728,10.293064999999999,8.499207,12.9315195,9.379045477989948,,0.11,0.9999968000000001,17.261364,32.579353000000005,19.244953,12580,1.6959791000000002,,10.590864,14.832961,-259.71625
629,628.0064,17.261364,,0.19,0.9968355999999999,9.924453999999999,630,0.958,8.506131,1.7140865,11067.566074848177,10.290881,8.499443,12.933133,9.344494630081293,,0.11,0.9999968000000001,17.261364,32.588238,19.270954,12600,1.7070409,,10.587553999999999,13.952410999999998,-259.281
630,629.0041,17.261364,,0.19,0.9968369,9.922868,631,0.958,8.550206,1.7121488999999999,11093.484858751297,10.288548,8.49952,12.933591999999999,9.3876248984461,,0.11,0.9999968000000001,17.261364,32.5961,19.296913,12620,1.6848186,,10.584325999999999,13.226097,-258.8483
631,629.7524,17.261364,,0.19,0.9964436,9.921285000000001,632,0.958,8.594748,1.7102216000000001,11119.80071735382,10.283002999999999,8.496322,12.9323435,9.438448766826026,,0.11,0.9999968000000001,17.261364,32.592064,19.322262,12640,1.4333891,,10.581178,12.147723,-258.41895
632,630.74316,17.261364,,0.19,0.9964347,9.9197035,633,0.958,8.557929,1.7083046000000002,11155.468921899796,10.280621,8.49633,12.942728,9.399866722130193,,0.11,0.9999968000000001,17.261364,32.59965,19.348156,12660,1.6732991000000002,,10.577982,19.510136,-257.97906
633,631.7627,17.261364,,0.19,0.9964710999999999,9.918125,634,0.958,8.508466,1.7063979999999999,11197.849169492722,10.278501,8.4965925,12.948872999999999,9.343458245995178,,0.11,0.9999968000000001,17.261364,32.608757000000004,19.37402,12680,1.7001328000000002,,10.574717,16.841920000000002,-257.54477
634,632.7674599999999,17.261364,,0.19,0.99648416,9.916549,635,0.958,8.544383,1.7045032,11226.636876583101,10.276288000000001,8.496752,12.960381,9.38503285245429,,0.11,0.9999968000000001,17.261364,32.617134,19.399849,12700,1.6836879,,10.57152,20.261357999999998,-257.10645
635,633.7886,17.261364,,0.19,0.9965229,9.914975,636,0.958,8.495091,1.7026168999999998,11258.704413175583,10.274173,8.497,12.958028,9.328532137905228,,0.11,0.9999968000000001,17.261364,32.626396,19.425638,12720,1.6982677,,10.568255,11.467332,-256.68332000000004
636,634.8034700000001,17.261364,,0.19,0.99655175,9.913404,637,0.958,8.5170555,1.700741,11287.855124235151,10.272039999999999,8.497221000000001,12.945825,9.351677083222032,,0.11,0.9999968000000001,17.261364,32.635365,19.451399,12740,1.6902535,,10.565035,5.1885395,-256.2714
637,635.7803299999999,17.261364,,0.19,0.9965209,9.911836,638,0.958,8.560725,1.6988752,11319.894505262375,10.269523,8.497046000000001,12.939349,9.401134273744466,,0.11,0.9999968000000001,17.261364,32.64242,19.477120000000003,12760,1.6505525,,10.561893,8.819327000000001,-255.85512000000003
638,636.8003,17.261364,,0.19,0.9965575999999999,9.91027,639,0.958,8.504391,1.6970178,11347.944520711899,10.267443,8.497301,12.947192,9.339418671225317,,0.11,0.9999968000000001,17.261364,32.651722,19.50281,12780,1.6917547999999998,,10.558672999999999,17.955368,-255.42581
639,637.7982,17.261364,,0.19,0.99655974,9.908706,640,0.958,8.549635,1.6951721999999998,11375.3704328537,10.265196000000001,8.49738,12.955111,9.392003742906232,,0.11,0.9999968000000001,17.261364,32.659924,19.528467000000003,12800,1.6680667000000002,,10.555534,18.017979,-254.99776
640,638.54614,17.261364,,0.19,0.99617183,9.907145,641,0.958,8.594011,1.6933367,11401.440570354463,10.259775,8.494223,12.954999,9.439480268286037,,0.11,0.9999968000000001,17.261364,32.65636,19.5535,12820,1.4162695,,10.552474,12.886847999999999,-254.57927
641,639.54724,17.261364,,0.19,0.9961795,9.905585,642,0.958,8.546215,1.6915096,11431.287656545639,10.257584,8.494339,12.960288,9.388070684124024,,0.11,0.9999968000000001,17.261364,32.664806,19.579092000000003,12840,1.6668962999999999,,10.54935,16.35618,-254.15645
642,640.5671,17.261364,,0.19,0.9962163,9.904029,643,0.958,8.505011999999999,1.6896925999999999,11461.68125462532,10.255544,8.494597,12.969303,9.343467753108945,,0.11,0.9999968000000001,17.261364,32.674244,19.604649,12860,1.6839093999999997,,10.54617,18.761236,-253.73119
643,641.5847,17.261364,,0.19,0.99624956,9.902475,644,0.958,8.518554,1.687884,11493.873470544817,10.253518,8.494862,12.982546000000001,9.355124918837829,,0.11,0.9999968000000001,17.261364,32.683597999999996,19.630175,12880,1.6800982,,10.543022,21.501072,-253.30303999999998
644,642.6061,17.261364,,0.19,0.9962885,9.900924,645,0.958,8.493655,1.6860868999999998,11524.843469381332,10.251483,8.495108,12.984584,9.328721418833794,,0.11,0.9999968000000001,17.261364,32.693176,19.655664,12900,1.6821423,,10.539844500000001,14.302373000000001,-252.88733
645,643.6245,17.261364,,0.19,0.99632275,9.899374,646,0.958,8.511614,1.6842982,11550.161660432816,10.249464999999999,8.495361,12.994325,9.349060141356862,,0.11,0.9999968000000001,17.261364,32.702633,19.681122,12920,1.6775494,,10.536703999999999,19.281431,-252.46523
646,644.6373,17.261364,,0.19,0.99634826,9.897828,647,0.958,8.528814,1.6825178,11583.251123666765,10.247425999999999,8.495585,12.990017,9.361723283851306,,0.11,0.9999968000000001,17.261364,32.711834,19.706549,12940,1.6702938000000003,,10.533602,10.211061,-252.05844
647,645.63635,17.261364,,0.19,0.9963523999999999,9.896283,648,0.958,8.547121,1.6807473000000002,11617.200777292252,10.245258,8.495673,12.994135,9.389729144059839,,0.11,0.9999968000000001,17.261364,32.72036,19.731945,12960,1.6548569,,10.530536,15.662625,-251.64449
648,646.62634,17.261364,,0.19,0.9963426,9.894741,649,0.958,8.558621,1.6789865000000002,11647.478702068327,10.243011,8.495671000000002,12.997796000000001,9.398266978355176,,0.11,0.9999968000000001,17.261364,32.728466,19.757307,12980,1.6441348999999998,,10.527497,15.3745165,-251.2323
649,647.60785,17.261364,,0.19,0.9963198,9.893202,650,0.958,8.559672,1.6772342,11680.996854543686,10.240664,8.495561,13.000652,9.403918469185665,,0.11,0.9999968000000001,17.261364,32.736187,19.782629,13000,1.6339574,,10.524469,14.858303,-250.82218999999998
650,648.5902,17.261364,,0.19,0.9962983,9.891664500000001,651,0.958,8.562541,1.6754916000000002,11711.124650716782,10.238342,8.495467,13.005948,9.404691763735132,,0.11,0.9999968000000001,17.261364,32.74398,19.807922,13020,1.6330664,,10.521456,16.45298,-250.41086
651,649.60455,17.261364,,0.19,0.996326,9.890129,652,0.958,8.518453,1.6737572,11746.354827165604,10.236336999999999,8.495682,13.004719999999999,9.358496177686263,,0.11,0.9999968000000001,17.261364,32.753414,19.833185,13040,1.6633631000000002,,10.518384,12.208544999999999,-250.00727999999998
652,650.6051,17.261364,,0.19,0.99633247,9.888597,653,0.958,8.546495,1.6720326,11773.137650012972,10.234232,8.495789,13.008928,9.388041258276713,,0.11,0.9999968000000001,17.261364,32.762188,19.858414,13060,1.6480343000000002,,10.515364,15.757983,-249.59953
653,651.62415,17.261364,,0.19,0.9963671999999999,9.887067,654,0.958,8.5037155,1.6703161,11804.483426332474,10.232265,8.496025,13.014351,9.34185657858683,,0.11,0.9999968000000001,17.261364,32.771915,19.883615,13080,1.6647453,,10.512288,16.558752,-249.1918
654,652.63367,17.261364,,0.19,0.9963873,9.885539,655,0.958,8.532802,1.6686093999999998,11834.062699794771,10.230259,8.496214,13.016627,9.372257840342348,,0.11,0.9999968000000001,17.261364,32.781197,19.908781,13100,1.6537509999999997,,10.509266,14.509385,-248.78843999999998
655,653.62115,17.261364,,0.19,0.9963736999999999,9.884013000000001,656,0.958,8.55919,1.6669091,11860.488046884537,10.228038,8.496179,13.022877000000001,9.401800323767546,,0.11,0.9999968000000001,17.261364,32.789406,19.933912,13120,1.6301068,,10.506293,17.11968,-248.38234
656,654.6391,17.261364,,0.19,0.99640656,9.882489999999999,657,0.958,8.507119,1.6652201000000002,11888.128358125688,10.226091,8.496410000000001,13.024766,9.344295394489848,,0.11,0.9999968000000001,17.261364,32.799168,19.959015,13140,1.6589273000000002,,10.503250999999999,14.269423999999999,-247.98178
657,655.65027,17.261364,,0.19,0.99642897,9.880969,658,0.958,8.529498,1.6635376,11918.894342660904,10.224119,8.496608,13.023416000000001,9.366422363458092,,0.11,0.9999968000000001,17.261364,32.80862,19.984085,13160,1.6505618999999998,,10.500250999999999,12.139286,-247.58572
658,656.6716299999999,17.261364,,0.19,0.9964668,9.879451,659,0.958,8.484611,1.6618648,11948.308979988098,10.222175,8.496825,13.02797,9.320736339674367,,0.11,0.9999968000000001,17.261364,32.81861,20.009123000000002,13180,1.6592106,,10.497191,16.030188,-247.18492
659,657.67126,17.261364,,0.19,0.9964716,9.877934,660,0.958,8.54933,1.6601999,11974.369885444641,10.220117,8.496922,13.031614,9.388836217350436,,0.11,0.9999968000000001,17.261364,32.827538,20.034133999999998,13200,1.635961,,10.494242,15.436262,-246.78627000000003
660,658.6634,17.261364,,0.19,0.9964649999999999,9.87642,661,0.958,8.552762,1.658543,12006.139758586885,10.217979,8.496929,13.035485000000001,9.396965035533373,,0.11,0.9999968000000001,17.261364,32.83612,20.05911,13220,1.6268129,,10.491304,15.595706,-246.38857000000002
661,659.68384,17.261364,,0.19,0.99650127,9.874908,662,0.958,8.493386,1.6568941000000001,12036.483033895493,10.216067,8.497155000000001,13.045601,9.32964807112992,,0.11,0.9999968000000001,17.261364,32.846146000000005,20.084057,13240,1.6535901999999998,,10.488286,19.73487,-245.98581000000001
662,660.5923,17.261364,,0.19,0.99636847,9.873399000000001,663,0.958,8.582392,1.6552547,12072.908879995346,10.212942,8.496153,13.048277,9.427272468219677,,0.11,0.9999968000000001,17.261364,32.85076,20.108889,13260,1.540118,,10.485412,14.823429999999998,-245.59177000000003
663,661.6082,17.261364,,0.19,0.9963979,9.871891999999999,664,0.958,8.515864,1.6536232,12098.889875173567,10.211044000000001,8.496377,13.056347,9.355623438589351,,0.11,0.9999968000000001,17.261364,32.860620000000004,20.133772,13280,1.6457113999999997,,10.482445,18.410341,-245.19343999999998
664,662.6157,17.261364,,0.19,0.9964146,9.870387,665,0.958,8.537343,1.6519997,12132.14722943306,10.209100999999999,8.496547,13.063963000000001,9.378729397522127,,0.11,0.9999968000000001,17.261364,32.870087,20.158625,13300,1.6358721,,10.479519999999999,18.12536,-244.79674
665,663.6395,17.261364,,0.19,0.9964556999999998,9.868884,666,0.958,8.443252000000001,1.6505147,12162.934403419496,10.207136,8.496689,13.052611,9.272279176008071,,0.11,0.9999968000000001,17.261364,32.880390000000006,20.183445000000003,13320,1.6505147,,10.476462,5.508691000000001,-244.42014
666,664.64984,17.261364,,0.19,0.99647653,9.867384,667,0.958,8.529824000000001,1.6489068,12192.778813362122,10.205225,8.496876,13.054105,9.369138392362874,,0.11,0.9999968000000001,17.261364,32.89005,20.208235000000002,13340,1.6356881,,10.473544,14.052972,-244.0319
667,665.66156,17.261364,,0.19,0.99649936,9.865886,668,0.958,8.527044,1.6473068,12219.472933769226,10.203329,8.497069999999999,13.057265,9.36630410398572,,0.11,0.9999968000000001,17.261364,32.899803000000006,20.232996,13360,1.6355212,,10.47063,15.168494,-243.64312999999999
668,666.6715,17.261364,,0.19,0.99651945,9.86439,669,0.958,8.536755,1.6457138,12251.871152400969,10.201445,8.497269000000001,13.063077,9.372002403149072,,0.11,0.9999968000000001,17.261364,32.909490000000005,20.257729,13380,1.6323221,,10.467739,16.949876999999997,-243.25287000000003
669,667.6836,17.261364,,0.19,0.9965427,9.862896000000001,670,0.958,8.527042,1.6441293999999997,12282.485318183899,10.199566,8.497466000000001,13.065529,9.364590170459543,,0.11,0.9999968000000001,17.261364,32.919309999999996,20.282429,13400,1.632906,,10.464841999999999,14.709535,-242.86711
670,668.6978,17.261364,,0.19,0.99656904,9.861403999999999,671,0.958,8.52188,1.6425526999999998,12317.569208145142,10.197711,8.497679,13.07281,9.359798434544297,,0.11,0.9999968000000001,17.261364,32.92926,20.3071,13420,1.6335523,,10.4619465,17.955560000000002,-242.47766000000001
671,669.6993,17.261364,,0.19,0.9965763000000001,9.859916,672,0.958,8.540558,1.6409837999999999,12350.165957689285,10.195747,8.497776,13.069935000000001,9.38310942067544,,0.11,0.9999968000000001,17.261364,32.938606,20.331743,13440,1.6194138999999999,,10.459087,11.143049000000001,-242.09953
672,670.68915,17.261364,,0.19,0.99656636,9.858429,673,0.958,8.561176,1.6394220000000002,12381.872683763504,10.193693,8.497774,13.081822,9.403304510541377,,0.11,0.9999968000000001,17.261364,32.947414,20.356351999999998,13460,1.6063503000000001,,10.456268,21.074757,-241.7078
673,671.7092,17.261364,,0.19,0.9966011999999999,9.856944,674,0.958,8.488650999999999,1.6378686000000002,12410.258837223051,10.191854,8.497978999999999,13.087545,9.323776904843527,,0.11,0.9999968000000001,17.261364,32.957733000000005,20.38093,13480,1.6349707,,10.453348,16.943758,-241.3233
674,672.7298,17.261364,,0.19,0.99663675,9.855461,675,0.958,8.479855,1.6363223,12439.584907770157,10.190004,8.498168,13.089453,9.314628024536825,,0.11,0.9999968000000001,17.261364,32.968098,20.405478,13500,1.6341257,,10.450425,14.378398,-240.94377000000003
675,673.66034,17.261364,,0.19,0.99653894,9.853981,676,0.958,8.579692999999999,1.6347835,12475.830304861067,10.187266000000001,8.497457,13.089751,9.422539042504367,,0.11,0.9999968000000001,17.261364,32.97415,20.429953,13520,1.5425978,,10.447658,13.294798000000002,-240.56703
676,674.6437400000001,17.261364,,0.19,0.99651957,9.852503,677,0.958,8.562959,1.6332517,12513.97241926193,10.185163000000001,8.497376,13.094321,9.404812484421539,,0.11,0.9999968000000001,17.261364,32.98275,20.454441,13540,1.593807,,10.444874,16.186595999999998,-240.1871
677,675.65955,17.261364,,0.19,0.996548,9.851027,678,0.958,8.514591000000001,1.6317283,12546.98756146431,10.183363,8.497592,13.102058,9.351752451244515,,0.11,0.9999968000000001,17.261364,32.992958,20.4789,13560,1.6248886999999999,,10.442027000000001,18.34498,-239.80507999999998
678,676.6521,17.261364,,0.19,0.9965421,9.849553,679,0.958,8.558209,1.6302118,12581.162472486496,10.181377000000001,8.497616,13.113298,9.401043591782633,,0.11,0.9999968000000001,17.261364,33.00205,20.503335999999997,13580,1.6000083999999999,,10.439252999999999,20.738989,-239.42065
679,677.66693,17.261364,,0.19,0.99656904,9.848082000000002,680,0.958,8.514559,1.628702,12612.963129520414,10.179575,8.497815,13.114701,9.353510508755312,,0.11,0.9999968000000001,17.261364,33.01225,20.527742,13600,1.6208091,,10.436421000000001,14.070881,-239.04715
680,678.68604,17.261364,,0.19,0.9966021,9.846612,681,0.958,8.494112,1.6272,12643.769374847412,10.177787,8.498021000000001,13.119895000000001,9.327831706470645,,0.11,0.9999968000000001,17.261364,33.022694,20.55211,13620,1.6239158,,10.433569,16.653779999999998,-238.67097
681,679.699,17.261364,,0.19,0.9966261000000001,9.845144,682,0.958,8.521236,1.6257048,12686.723269701004,10.175989999999999,8.498211999999999,13.123169,9.361223908994765,,0.11,0.9999968000000001,17.261364,33.03285,20.576456,13640,1.6161028999999998,,10.430766,15.357785,-238.29779
682,680.7165,17.261364,,0.19,0.99665666,9.843679,683,0.958,8.502744999999999,1.624217,12731.354406833647,10.174214,8.498417,13.124001999999999,9.337247439040768,,0.11,0.9999968000000001,17.261364,33.04325,20.600773,13660,1.6194308000000002,,10.427942999999999,13.6959095,-237.92812
683,681.7245,17.261364,,0.19,0.9966732,9.8422165,684,0.958,8.533346,1.6227361,12763.093465328215,10.172397,8.498572,13.125166,9.373325235385595,,0.11,0.9999968000000001,17.261364,33.053207,20.625063,13680,1.6084888000000002,,10.425173,13.923182999999998,-237.55922999999999
684,682.7377,17.261364,,0.19,0.9966973,9.840755,685,0.958,8.523269,1.621262,12799.927290201189,10.170629,8.498771000000001,13.132734,9.36098900984187,,0.11,0.9999968000000001,17.261364,33.063441999999995,20.649323000000003,13700,1.6124251,,10.422396,18.31483,-237.185
685,683.7545,17.261364,,0.19,0.9967267,9.839296000000001,686,0.958,8.504667,1.6197953,12832.585681676863,10.168867,8.498969,13.138856,9.34287014097261,,0.11,0.9999968000000001,17.261364,33.073875,20.673553,13720,1.6146040000000002,,10.4196005,17.33462,-236.81328
686,684.76807,17.261364,,0.19,0.9967511999999998,9.83784,687,0.958,8.521783000000001,1.6183347,12865.092499017715,10.167113,8.499167,13.14337,9.35770217207167,,0.11,0.9999968000000001,17.261364,33.08417,20.697754,13740,1.6100003999999999,,10.416839,16.2434,-236.44422999999998
687,685.78394,17.261364,,0.19,0.99677896,9.836385,688,0.958,8.507972,1.6168822,12896.017863512041,10.165361,8.499361,13.144357000000001,9.344560326737207,,0.11,0.9999968000000001,17.261364,33.0946,20.721928,13760,1.6109833999999998,,10.414063,13.826639000000002,-236.07979
688,686.7882,17.261364,,0.19,0.9967898999999999,9.834932,689,0.958,8.540961,1.6154357,12935.166273117064,10.163548,8.499488000000001,13.149096499999999,9.382108660918345,,0.11,0.9999968000000001,17.261364,33.104490000000006,20.746075,13780,1.5980504,,10.4113455,16.414322,-235.71263
689,687.8074,17.261364,,0.19,0.9968223,9.833483,690,0.958,8.485854,1.6139959,12968.604027748108,10.161798,8.499669,13.152201000000002,9.31944468901544,,0.11,0.9999968000000001,17.261364,33.115120000000005,20.770191,13800,1.6115489,,10.408555,15.294688,-235.34816
690,688.8196,17.261364,,0.19,0.99684453,9.832034,691,0.958,8.52388,1.6125628,12999.765393972395,10.160055,8.499852,13.162217000000002,9.364478235092408,,0.11,0.9999968000000001,17.261364,33.125434999999996,20.794280999999998,13820,1.6033198999999998,,10.4058275,20.075766,-234.97784
691,689.83185,17.261364,,0.19,0.9968667999999999,9.830588,692,0.958,8.522188,1.611137,13032.961474180222,10.1583185,8.500034,13.165470999999998,9.360310816625393,,0.11,0.9999968000000001,17.261364,33.135773,20.818342,13840,1.6021063,,10.403106,15.417420000000002,-234.61531000000002
692,690.84973,17.261364,,0.19,0.99689716,9.829144,693,0.958,8.493387,1.6097171000000001,13064.542647361755,10.156588000000001,8.500216,13.168076000000001,9.328715967376997,,0.11,0.9999968000000001,17.261364,33.146404,20.842373000000002,13860,1.6063135,,10.40035,14.97533,-234.25447000000003
693,691.8605,17.261364,,0.19,0.9969171,9.827702,694,0.958,8.527344,1.6083047,13099.066207170486,10.154855,8.500388000000001,13.171942999999999,9.365531781543751,,0.11,0.9999968000000001,17.261364,33.15671,20.866379000000002,13880,1.5978903,,10.397651,15.855231,-233.89342000000002
694,692.8684,17.261364,,0.19,0.996933,9.826262,695,0.958,8.537184,1.6068981000000002,13127.92925000191,10.153117,8.500549000000001,13.179229999999999,9.375012992552533,,0.11,0.9999968000000001,17.261364,33.1669,20.890358,13900,1.5937948,,10.394974000000001,18.240054999999998,-233.52997000000002
695,693.8789999999999,17.261364,,0.19,0.99695265,9.824824000000001,696,0.958,8.523817999999999,1.6054979999999999,13166.151439905168,10.151384,8.50071,13.183876999999999,9.365927972775287,,0.11,0.9999968000000001,17.261364,33.177242,20.914307,13920,1.5951604,,10.392285000000001,16.416908,-233.17017
696,694.8899,17.261364,,0.19,0.99697256,9.823389,697,0.958,8.525326,1.6041045,13191.253649234774,10.149668,8.500879,13.18968,9.365833932640161,,0.11,0.9999968000000001,17.261364,33.18761,20.938232,13940,1.5940319,,10.389606,17.23193,-232.81026
697,695.90027,17.261364,,0.19,0.9969918,9.821955,698,0.958,8.529525,1.6027176,13227.923221588137,10.147959,8.501049,13.197307,9.368020506573624,,0.11,0.9999968000000001,17.261364,33.19798,20.962128,13960,1.5922878,,10.386942,18.516464000000003,-232.4495
698,696.91693,17.261364,,0.19,0.99701995,9.820523,699,0.958,8.500278999999999,1.6013372,13260.507496356962,10.146266,8.501228999999999,13.199758,9.334570073132264,,0.11,0.9999968000000001,17.261364,33.208667999999996,20.985994,13980,1.5972793,,10.384243,14.914894,-232.09496000000001
699,697.9122,17.261364,,0.19,0.9970174,9.819094,700,0.958,8.553988,1.5999626,13292.725479841232,10.14444,8.50127,13.204635000000001,9.394778441854301,,0.11,0.9999968000000001,17.261364,33.21835,21.009838000000002,14000,1.5746198,,10.381628,16.61645,-231.73901
700,698.922,17.261364,,0.19,0.9970357,9.817666000000001,701,0.958,8.529503,1.5985943999999999,13325.946427345276,10.142745,8.501435,13.212373000000001,9.369100945509286,,0.11,0.9999968000000001,17.261364,33.228756,21.03365,14020,1.5879507,,10.378985,18.632038,-231.3812
701,699.923,17.261364,,0.19,0.9970413,9.816239999999999,702,0.958,8.54248,1.5972321000000003,13357.808331251144,10.140972,8.501517,13.210632999999998,9.383712590004826,,0.11,0.9999968000000001,17.261364,33.23875,21.05744,14040,1.5776696000000001,,10.37637,11.994398,-231.03383
702,700.937,17.261364,,0.19,0.9970654,9.814817,703,0.958,8.514505,1.5958762,13384.9918923378,10.139304,8.501697,13.219007999999999,9.352369568820036,,0.11,0.9999968000000001,17.261364,33.249393,21.081198,14060,1.5895567,,10.373722,19.101738,-230.67737000000002
703,701.8386,17.261364,,0.19,0.9969299,9.8133955,704,0.958,8.583878,1.5945268999999997,13418.513770818709,10.1364355,8.500662,13.219735,9.429351370729494,,0.11,0.9999968000000001,17.261364,33.254870000000004,21.104837,14080,1.4757844999999998,,10.371179,13.733854999999998,-230.32965
704,702.85364,17.261364,,0.19,0.9969555,9.811976,705,0.958,8.504594,1.5931832000000001,13455.458103895187,10.1347685,8.500831,13.219239000000002,9.343314893910481,,0.11,0.9999968000000001,17.261364,33.2656,21.128544,14100,1.5876796,,10.368530999999999,12.872958,-229.98404
705,703.8691,17.261364,,0.19,0.9969816999999999,9.810558,706,0.958,8.506734,1.5918458999999998,13506.59538412094,10.133117,8.501008,13.220386999999999,9.341770817971137,,0.11,0.9999968000000001,17.261364,33.27636,21.152225,14120,1.5867608,,10.365894,14.034063,-229.63773999999998
706,704.88293,17.261364,,0.19,0.9970056,9.809142999999999,707,0.958,8.512062,1.5905143,13544.506049394608,10.131469000000001,8.501183000000001,13.222723,9.349422132459217,,0.11,0.9999968000000001,17.261364,33.287079999999996,21.175873,14140,1.5842100000000001,,10.363273,14.874248499999998,-229.29124
707,705.8966,17.261364,,0.19,0.9970290999999999,9.807730000000001,708,0.958,8.513742,1.5891892,13576.60264134407,10.129823,8.501354,13.22396,9.350915425523727,,0.11,0.9999968000000001,17.261364,33.29779,21.199503,14160,1.5825173000000001,,10.360660000000001,14.103295000000001,-228.94681
708,706.81323,17.261364,,0.19,0.9969157,9.806318,709,0.958,8.587017,1.5878696,13607.077724933622,10.127177,8.500514,13.224926000000002,9.42722833398917,,0.11,0.9999968000000001,17.261364,33.304058000000005,21.223035999999997,14180,1.4843594,,10.358158,13.9112015,-228.60371
709,707.8262,17.261364,,0.19,0.9969382999999999,9.804909,710,0.958,8.515543,1.5865557,13633.872400522232,10.125539999999999,8.500682000000001,13.224145000000002,9.353331690873908,,0.11,0.9999968000000001,17.261364,33.31478,21.24661,14200,1.5791688999999998,,10.355563,12.674624,-228.26324
710,708.8347,17.261364,,0.19,0.9969546,9.803500999999999,711,0.958,8.531137,1.5852482,13667.943057060242,10.12389,8.500831,13.229389999999999,9.371960119433018,,0.11,0.9999968000000001,17.261364,33.325314,21.270159,14220,1.5735419,,10.352997,16.95711,-227.91772000000003
711,709.85266,17.261364,,0.19,0.99698406,9.802096,712,0.958,8.481983999999999,1.5839463,13696.748284816744,10.122251499999999,8.500985,13.227931,9.316068738349612,,0.11,0.9999968000000001,17.261364,33.336308,21.29368,14240,1.5817386999999998,,10.350369,12.193761,-227.57983
712,710.86975,17.261364,,0.19,0.99701226,9.800692999999999,713,0.958,8.49412,1.5826501,13722.354981184006,10.120633,8.501154,13.226529999999999,9.32406948194331,,0.11,0.9999968000000001,17.261364,33.34728,21.317175,14260,1.5797172,,10.347766,12.232388499999999,-227.24286
713,711.8734,17.261364,,0.19,0.9970216000000001,9.799291,714,0.958,8.543621,1.5813594,13756.757572889328,10.118971,8.501272,13.2304,9.382070992195054,,0.11,0.9999968000000001,17.261364,33.35763,21.340647,14280,1.5651173999999999,,10.345239999999999,15.993289,-226.90157000000002
714,712.8872,17.261364,,0.19,0.99704504,9.797892,715,0.958,8.514308999999999,1.580075,13800.038836479187,10.117367999999999,8.501445,13.233847,9.350021208278546,,0.11,0.9999968000000001,17.261364,33.36848,21.36409,14300,1.5739381000000001,,10.342678,15.698925,-226.56162999999998
715,713.9043,17.261364,,0.19,0.99707305,9.796494000000001,716,0.958,8.492301,1.5787961000000001,13835.875367164612,10.115764,8.501610000000001,13.237720499999998,9.324149863866246,,0.11,0.9999968000000001,17.261364,33.379505,21.387504999999997,14320,1.5761613,,10.340094,16.010820000000002,-226.2222
716,714.9126,17.261364,,0.19,0.9970886999999998,9.795098,717,0.958,8.53642,1.5775222,13870.626596689224,10.114156,8.501764999999999,13.247289000000002,9.37397173042643,,0.11,0.9999968000000001,17.261364,33.390125,21.410898,14340,1.566158,,10.337579,20.101011,-225.87804
717,715.92426,17.261364,,0.19,0.997109,9.793704,718,0.958,8.52145,1.5762544,13901.657870769499,10.112561,8.501928,13.252108999999999,9.359726458362184,,0.11,0.9999968000000001,17.261364,33.40092,21.434267000000002,14360,1.5682985,,10.33505,16.71036,-225.53954
718,716.92786,17.261364,,0.19,0.9971180000000001,9.792313,719,0.958,8.542885,1.5749921999999998,13934.4891037941,10.110919,8.502039,13.255094,9.381670263500618,,0.11,0.9999968000000001,17.261364,33.411353999999996,21.457611,14380,1.5589681,,10.332557000000001,15.401708,-225.20382999999998
719,717.8594,17.261364,,0.19,0.9970269,9.790923,720,0.958,8.58,1.5737355,13966.616310834883,10.108512,8.501374,13.255956,9.4246719183284,,0.11,0.9999968000000001,17.261364,33.41853,21.480879,14400,1.4858421999999998,,10.330123,13.879539999999999,-224.8712
720,718.8751,17.261364,,0.19,0.99705285,9.789535,721,0.958,8.498938,1.5724843000000002,14000.33385682106,10.106933999999999,8.501536,13.253817000000002,9.332476714126503,,0.11,0.9999968000000001,17.261364,33.42957,21.504170000000002,14420,1.5686438999999999,,10.327583,11.717033,-224.54242999999997
721,719.8863,17.261364,,0.19,0.9970724,9.788149,722,0.958,8.523494,1.5712386,14023.66622495651,10.105360000000001,8.501698,13.255481,9.359682265092003,,0.11,0.9999968000000001,17.261364,33.440414000000004,21.527433,14440,1.5629725,,10.325085000000001,14.459764999999999,-224.21077999999997
722,720.8956,17.261364,,0.19,0.9970894,9.786764999999999,723,0.958,8.526689,1.5699976999999998,14055.173148155212,10.103775,8.5018425,13.259101000000001,9.36749527076217,,0.11,0.9999968000000001,17.261364,33.451183,21.550676,14460,1.5598946000000002,,10.322597,15.874854999999998,-223.87811000000002
723,721.83545,17.261364,,0.19,0.9970103000000001,9.785382,724,0.958,8.575364,1.5687628999999998,14085.243336677551,10.10148,8.501268,13.252480499999999,9.418832420165767,,0.11,0.9999968000000001,17.261364,33.4588,21.573857999999998,14480,1.4891434,,10.320183,8.469256,-223.55662999999998
724,722.8359,17.261364,,0.19,0.997015,9.784002000000001,725,0.958,8.54841,1.5675328000000002,14120.169150352478,10.09985,8.501356,13.259335,9.389495130024297,,0.11,0.9999968000000001,17.261364,33.469204,21.597044,14500,1.5486088,,10.3177395,18.22604,-223.22255
725,723.8535,17.261364,,0.19,0.99704343,9.782624,726,0.958,8.47687,1.566309,14160.82447218895,10.098271,8.501491999999999,13.255571,9.31145545267333,,0.11,0.9999968000000001,17.261364,33.480404,21.620214,14520,1.5644623,,10.315204,10.529519,-222.89995
726,724.8652,17.261364,,0.19,0.9970635,9.781247,727,0.958,8.520447,1.5650898000000002,14191.456701040268,10.096724,8.501650999999999,13.259194,9.358400768595368,,0.11,0.9999968000000001,17.261364,33.491356,21.64335,14540,1.5574938999999999,,10.312735,15.892885999999999,-222.57088
727,725.88025,17.261364,,0.19,0.99708825,9.779873,728,0.958,8.505196,1.563876,14227.392701387405,10.095186,8.501814999999999,13.262694,9.339276541761127,,0.11,0.9999968000000001,17.261364,33.502472,21.666468,14560,1.5596507,,10.310252,15.810421,-222.24282999999997
728,726.8305,17.261364,,0.19,0.997024,9.778501,729,0.958,8.581874000000001,1.562667,14256.988495826721,10.093060000000001,8.501383,13.269229999999999,9.423328206711552,,0.11,0.9999968000000001,17.261364,33.510659999999994,21.689532999999997,14580,1.4938798999999998,,10.307881,18.031494,-221.91267000000002
729,727.8418,17.261364,,0.19,0.99704355,9.777128999999999,730,0.958,8.514403,1.5614633999999998,14285.205003023148,10.091509,8.501522999999999,13.261035000000001,9.353858395000954,,0.11,0.9999968000000001,17.261364,33.52163,21.712603,14600,1.5534871000000001,,10.305425,7.289767299999999,-221.5981
730,728.8510000000001,17.261364,,0.19,0.99706024,9.775761,731,0.958,8.527627,1.5602651,14314.047634124756,10.08997,8.501669,13.265711999999999,9.368331086881556,,0.11,0.9999968000000001,17.261364,33.532524,21.735643,14620,1.5503168999999999,,10.302992,16.682314,-221.27152999999998
731,729.8575400000001,17.261364,,0.19,0.9970732,9.774393,732,0.958,8.535602,1.5590721,14351.440133810043,10.088419,8.501799,13.270952,9.376279488273287,,0.11,0.9999968000000001,17.261364,33.54331,21.758663000000002,14640,1.5465513000000002,,10.300578,17.105257,-220.94527000000002
732,730.86536,17.261364,,0.19,0.9970878000000001,9.773028,733,0.958,8.535842,1.5578839,14388.404838562012,10.086886999999999,8.501942999999999,13.277401999999999,9.373560289917457,,0.11,0.9999968000000001,17.261364,33.554165000000005,21.781658,14660,1.5466399,,10.298171,18.002869,-220.61867999999998
733,731.87,17.261364,,0.19,0.9970981,9.771664999999999,734,0.958,8.5407505,1.5567002,14422.121728658676,10.085335,8.502059,13.285119,9.382039821368176,,0.11,0.9999968000000001,17.261364,33.564896000000005,21.804626000000003,14680,1.5424271,,10.295776,18.943665,-220.29172000000003
734,732.8793,17.261364,,0.19,0.99711466,9.770304,735,0.958,8.527814,1.5555226,14458.06699681282,10.083817,8.502205,13.290436999999999,9.367697724826789,,0.11,0.9999968000000001,17.261364,33.57585,21.82757,14700,1.5460029,,10.29337,17.197432,-219.96802999999997
735,733.8879400000001,17.261364,,0.19,0.99713033,9.768944,736,0.958,8.528917999999999,1.554349,14481.528231382368,10.082295,8.502343,13.294895,9.369396441574994,,0.11,0.9999968000000001,17.261364,33.586796,21.85049,14720,1.5441992,,10.290973,16.576572,-219.64604
736,734.8997,17.261364,,0.19,0.99715024,9.767586,737,0.958,8.519681,1.5531812,14521.593227863314,10.080796000000001,8.502499,13.299557,9.35735303396012,,0.11,0.9999968000000001,17.261364,33.59789,21.87339,14740,1.546162,,10.288569,16.732746,-219.3247
737,735.9164,17.261364,,0.19,0.99717665,9.766231,738,0.958,8.483903999999999,1.5520174999999998,14566.573199748991,10.079285,8.502635,13.302414,9.31733396076042,,0.11,0.9999968000000001,17.261364,33.609226,21.896261,14760,1.5500715,,10.286125,15.410457000000001,-219.00606000000002
738,736.9305400000001,17.261364,,0.19,0.99719965,9.764876,739,0.958,8.505032,1.550859,14599.059217691422,10.077792,8.502786,13.306873000000001,9.341819667410757,,0.11,0.9999968000000001,17.261364,33.620464,21.919107,14780,1.5464923000000002,,10.283714,16.599932,-218.68666000000002
739,737.9265,17.261364,,0.19,0.9971979999999999,9.763524,740,0.958,8.555411999999999,1.5497056999999999,14632.260628938677,10.0762005,8.502832000000001,13.315498000000002,9.397050506786536,,0.11,0.9999968000000001,17.261364,33.630882,21.94193,14800,1.5272105,,10.281379,19.693329000000002,-218.36393999999999
740,738.9356700000001,17.261364,,0.19,0.99721414,9.762174,741,0.958,8.529304,1.548557,14663.867223262789,10.074710000000001,8.502975,13.323892,9.369093381680461,,0.11,0.9999968000000001,17.261364,33.641914,21.964733,14820,1.5392913000000001,,10.279015,19.537844,-218.0423
741,739.9436,17.261364,,0.19,0.99722856,9.760825,742,0.958,8.5305,1.5474128999999999,14701.95468211174,10.073214,8.503107,13.323487,9.368125190519212,,0.11,0.9999968000000001,17.261364,33.652905,21.98751,14840,1.5369911,,10.276658,13.027248,-217.73032
742,740.95715,17.261364,,0.19,0.99725056,9.759478,743,0.958,8.506801,1.5462733999999998,14734.926127910612,10.071736999999999,8.503254,13.317998999999999,9.339603543864728,,0.11,0.9999968000000001,17.261364,33.664159999999995,22.010265,14860,1.5414846000000002,,10.274275999999999,9.249711,-217.42426
743,741.9653,17.261364,,0.19,0.99726516,9.758133,744,0.958,8.530019,1.5451391,14768.758695840836,10.070250999999999,8.503386500000001,13.318168,9.367324871520182,,0.11,0.9999968000000001,17.261364,33.675194,22.032991,14880,1.5351204999999999,,10.271932000000001,13.446216,-217.11337000000003
744,742.9088,17.261364,,0.19,0.99719304,9.756789999999999,745,0.958,8.57806,1.5440091999999999,14800.209575414658,10.068127,8.502872,13.317460999999998,9.421972296762947,,0.11,0.9999968000000001,17.261364,33.68335,22.055670000000003,14900,1.4693344,,10.269658,12.795357000000001,-216.80423
745,743.91785,17.261364,,0.19,0.9972089,9.755448,746,0.958,8.526069999999999,1.5428839,14829.710084438326,10.066653,8.503007,13.319132000000002,9.36566579973188,,0.11,0.9999968000000001,17.261364,33.694447,22.078352,14920,1.5336616000000003,,10.267321,14.566528,-216.4935
746,744.9241,17.261364,,0.19,0.9972209999999999,9.754108,747,0.958,8.537735000000001,1.5417638999999999,14864.489866256714,10.065177,8.503134,13.323045,9.375419711056507,,0.11,0.9999968000000001,17.261364,33.70543,22.101011,14940,1.5298402,,10.265005,16.246485,-216.18137000000002
747,745.9344,17.261364,,0.19,0.99723846,9.752771000000001,748,0.958,8.521627,1.5406475,14883.902956247332,10.063718,8.503273,13.323882000000001,9.359694582787867,,0.11,0.9999968000000001,17.261364,33.716609999999996,22.123648,14960,1.5328822,,10.262674,13.952519,-215.87312000000003
748,746.9491,17.261364,,0.19,0.9972618000000001,9.751435,749,0.958,8.499417999999999,1.5395365,14916.193621635437,10.062268,8.503417,13.330892,9.335342789099183,,0.11,0.9999968000000001,17.261364,33.728004,22.146257000000002,14980,1.5362468,,10.26032,18.576723,-215.55954
749,747.9576,17.261364,,0.19,0.9972768,9.750100999999999,750,0.958,8.52148,1.5384296999999998,14949.75015306473,10.060798,8.503534,13.321229,9.360620373446014,,0.11,0.9999968000000001,17.261364,33.739124,22.16885,15000,1.5289133,,10.258001,6.086984999999999,-215.26346
750,748.9494599999999,17.261364,,0.19,0.9972696,9.748768,751,0.958,8.559297,1.5373276000000002,14982.319038867949,10.059218,8.503539,13.319594,9.396379101689028,,0.11,0.9999968000000001,17.261364,33.749508,22.19142,15020,1.5112746000000001,,10.25574,12.096128,-214.96014
751,749.9633,17.261364,,0.19,0.9972916,9.7474375,752,0.958,8.501174,1.5362298,15014.976669311523,10.0577755,8.503675,13.320663,9.33836955260202,,0.11,0.9999968000000001,17.261364,33.7609,22.213963,15040,1.5322173000000001,,10.253407000000001,14.12664,-214.65493999999998
752,750.97504,17.261364,,0.19,0.9973108,9.746108999999999,753,0.958,8.515288,1.5351367,15049.26026725769,10.056341999999999,8.503816,13.322089000000002,9.352052307342957,,0.11,0.9999968000000001,17.261364,33.77221,22.236479,15060,1.5291138000000002,,10.251099,14.396251999999999,-214.3502
753,751.98,17.261364,,0.19,0.99732095,9.7447815,754,0.958,8.537252,1.5340486,15085.924047946932,10.054882000000001,8.503924000000001,13.326766000000001,9.378781108907328,,0.11,0.9999968000000001,17.261364,33.783215000000006,22.258982,15080,1.5212506000000001,,10.248825,16.853556,-214.04301
754,752.99146,17.261364,,0.19,0.99733967,9.743456,755,0.958,8.518562,1.5329641,15124.50669670105,10.053462,8.504069,13.334838000000001,9.356340579859467,,0.11,0.9999968000000001,17.261364,33.794540000000005,22.281451999999998,15100,1.5268843,,10.246533,19.422203,-213.73323
755,753.98065,17.261364,,0.19,0.9973289000000001,9.742132000000002,756,0.958,8.562667999999999,1.5318841,15160.097652912142,10.051882,8.504048,13.345163000000001,9.405994185979797,,0.11,0.9999968000000001,17.261364,33.804874,22.303904,15120,1.503473,,10.244306,21.144772,-213.422
756,754.9945,17.261364,,0.19,0.99735075,9.74081,757,0.958,8.503042,1.5308084,15204.556282043457,10.050467,8.504189,13.352193,9.339544749915557,,0.11,0.9999968000000001,17.261364,33.816322,22.326334,15140,1.527126,,10.242005,18.669777,-213.11484
757,756.00366,17.261364,,0.19,0.9973663,9.7394905,758,0.958,8.528112,1.5297374,15233.736910343168,10.049052,8.504324,13.360265,9.36731371010008,,0.11,0.9999968000000001,17.261364,33.827568,22.348743,15160,1.5213348,,10.239745,19.47361,-212.80746000000002
758,757.0111,17.261364,,0.19,0.9973796,9.738173,759,0.958,8.532217,1.5286698,15271.25836324692,10.047630999999999,8.504449000000001,13.366151,9.371933432770913,,0.11,0.9999968000000001,17.261364,33.838753000000004,22.371129999999997,15180,1.5186733000000001,,10.237495,17.829801999999997,-212.50305
759,757.98157,17.261364,,0.19,0.9973441999999999,9.736855499999999,760,0.958,8.568539999999999,1.5276074,15301.068888425827,10.045869999999999,8.504228,13.364017,9.411938054251213,,0.11,0.9999968000000001,17.261364,33.84831,22.393484,15200,1.4806213,,10.235299000000001,11.747549000000001,-212.20744
760,758.9952400000001,17.261364,,0.19,0.9973655999999999,9.73554,761,0.958,8.500147,1.5265493,15342.163747310637,10.044464999999999,8.504359,13.3583975,9.332174402832175,,0.11,0.9999968000000001,17.261364,33.859802,22.415820999999998,15220,1.522933,,10.233019,9.089442,-211.9161
761,759.94275,17.261364,,0.19,0.9973002000000001,9.734227,762,0.958,8.578924,1.525495,15378.472066402437,10.042478,8.503902,13.358046,9.421727199784074,,0.11,0.9999968000000001,17.261364,33.868393,22.43811,15240,1.4557242,,10.230848,13.094642,-211.62032999999997
762,760.9553,17.261364,,0.19,0.99732023,9.732916000000001,763,0.958,8.501956,1.5244448999999998,15413.44621896744,10.041071,8.504023,13.351084,9.341134743881033,,0.11,0.9999968000000001,17.261364,33.879856,22.460404999999998,15260,1.51956,,10.228582000000001,8.048735,-211.33187999999998
763,761.9706,17.261364,,0.19,0.9973436999999999,9.7316065,764,0.958,8.485837,1.5233994,15448.033246040344,10.039665,8.50414,13.350642,9.320287013705428,,0.11,0.9999968000000001,17.261364,33.891445000000004,22.482681,15280,1.5212346,,10.226302,13.017756,-211.03767000000002
764,762.97864,17.261364,,0.19,0.9973576999999999,9.730298,765,0.958,8.527128,1.522358,15483.681257247925,10.038269,8.504261999999999,13.349791,9.36567436834456,,0.11,0.9999968000000001,17.261364,33.90273,22.504932,15300,1.5132143,,10.22408,12.702425,-210.74464
765,763.9905,17.261364,,0.19,0.9973766,9.7289915,766,0.958,8.515486,1.5213202,15518.876588344576,10.036896,8.504402,13.358409,9.353195444781482,,0.11,0.9999968000000001,17.261364,33.914196000000004,22.527159,15320,1.5159992,,10.221849,19.953625,-210.44295
766,765.0038,17.261364,,0.19,0.99739736,9.727687,767,0.958,8.508357,1.5202876,15544.877408742903,10.035527,8.504543,13.368165,9.343575362922085,,0.11,0.9999968000000001,17.261364,33.92573,22.549367999999998,15340,1.5164243,,10.219616,20.84476,-210.14085
767,766.0144700000001,17.261364,,0.19,0.99741465,9.726384,768,0.958,8.519122,1.5192578,15576.747212886808,10.034157,8.504677000000001,13.375771499999999,9.358553729181033,,0.11,0.9999968000000001,17.261364,33.937164,22.571552,15360,1.5129458999999998,,10.2174015,19.213022,-209.84167000000002
768,766.9951,17.261364,,0.19,0.9973929,9.725083,769,0.958,8.56783,1.5182331,15621.99710035324,10.032549000000001,8.50457,13.380675,9.41036846558704,,0.11,0.9999968000000001,17.261364,33.94728,22.593714000000002,15380,1.481853,,10.215257000000001,17.149898999999998,-209.54596999999998
769,767.9730000000001,17.261364,,0.19,0.99736756,9.723783500000001,770,0.958,8.57008,1.5172119,15655.641567707064,10.030923,8.504439,13.385608,9.412237237510134,,0.11,0.9999968000000001,17.261364,33.957294,22.615849,15400,1.4781353000000002,,10.21312,17.180239999999998,-209.25099999999998
770,768.9439,17.261364,,0.19,0.9973332,9.722486,771,0.958,8.572789,1.5161943000000002,15698.521158456802,10.029227,8.504234,13.386448999999999,9.413902519216164,,0.11,0.9999968000000001,17.261364,33.967009999999995,22.637961999999998,15420,1.4700758,,10.210992,14.037839000000002,-208.96092
771,769.95447,17.261364,,0.19,0.99735034,9.721189500000001,772,0.958,8.517704,1.5151818000000001,15732.415180683138,10.027868,8.504362,13.392156,9.358515484114331,,0.11,0.9999968000000001,17.261364,33.97849,22.660057000000002,15440,1.5087242,,10.208799,17.794307999999997,-208.66666
772,770.9639999999999,17.261364,,0.19,0.9973661,9.719895,773,0.958,8.523713,1.5141721000000001,15774.090344905851,10.026514,8.504491,13.397169,9.363069954266896,,0.11,0.9999968000000001,17.261364,33.98992,22.682135,15460,1.5067198,,10.206619,17.272144,-208.37384
773,771.95917,17.261364,,0.19,0.99736327,9.718602,774,0.958,8.55205,1.5131674,15811.580304622648,10.02506,8.504516,13.3964405,9.39359896983954,,0.11,0.9999968000000001,17.261364,34.000732,22.704193,15480,1.4913546999999998,,10.204481,12.834421,-208.08754
774,772.96985,17.261364,,0.19,0.99738044,9.717311,775,0.958,8.517521,1.5121663,15844.364787101746,10.023714,8.504644,13.395222,9.353377704213512,,0.11,0.9999968000000001,17.261364,34.012240000000006,22.726225,15500,1.5059786,,10.202305,12.456141,-207.80241
775,773.9665,17.261364,,0.19,0.9973795,9.716022,776,0.958,8.553297,1.5111686000000002,15869.749044656754,10.022287,8.504686999999999,13.397454000000002,9.393253076729973,,0.11,0.9999968000000001,17.261364,34.023140000000005,22.748238,15520,1.490982,,10.20018,15.1299515,-207.51462
776,774.9214,17.261364,,0.19,0.9973248,9.714734,777,0.958,8.579218,1.5101752,15914.417706966398,10.020456,8.50432,13.398318,9.42074587912605,,0.11,0.9999968000000001,17.261364,34.03225,22.770208,15540,1.4483876,,10.198093,14.070578,-207.22896
777,775.9315,17.261364,,0.19,0.9973413000000001,9.713448,778,0.958,8.520494,1.5091854,15953.434598207474,10.019123,8.504449000000001,13.401557999999998,9.358990010458042,,0.11,0.9999968000000001,17.261364,34.043766,22.792177,15560,1.5024568,,10.195936999999999,15.922464999999999,-206.94162
778,776.9432400000001,17.261364,,0.19,0.99735975,9.712163,779,0.958,8.513181,1.5081999,15992.904323101046,10.017796,8.504579,13.406492000000002,9.351543127910992,,0.11,0.9999968000000001,17.261364,34.055355,22.814129,15580,1.5029999,,10.193777,17.24867,-206.6533
779,777.9487,17.261364,,0.19,0.9973702,9.71088,780,0.958,8.536703,1.5072178999999999,16038.360933065414,10.016452000000001,8.504686999999999,13.410551000000002,9.376389973240018,,0.11,0.9999968000000001,17.261364,34.06669,22.836054,15600,1.496047,,10.191653,16.574978,-206.3666
780,778.95795,17.261364,,0.19,0.9973853000000001,9.709599,781,0.958,8.525091999999999,1.5062393,16074.721975088118,10.015125999999999,8.504811,13.412182999999999,9.3621447919731,,0.11,0.9999968000000001,17.261364,34.078185999999995,22.857964000000003,15620,1.4987031000000002,,10.189518,14.688757999999998,-206.08302
781,779.96106,17.261364,,0.19,0.99739265,9.70832,782,0.958,8.541304,1.5052649999999999,16123.74501490593,10.013772,8.504902000000001,13.419416,9.38440521418662,,0.11,0.9999968000000001,17.261364,34.08943,22.879848000000003,15640,1.4917871999999999,,10.18741,19.071545,-205.7946
782,780.97217,17.261364,,0.19,0.9974101999999999,9.707042,783,0.958,8.516592999999999,1.5042942,16165.20486998558,10.012464,8.505033500000001,13.4271755,9.354976000103656,,0.11,0.9999968000000001,17.261364,34.101040000000005,22.90171,15660,1.4988803999999998,,10.185277000000001,19.497526,-205.50635
783,781.9789,17.261364,,0.19,0.99742204,9.705765,784,0.958,8.532923,1.5033275,16202.858617305757,10.01114,8.505146,13.4289255,9.371151752168476,,0.11,0.9999968000000001,17.261364,34.11246,22.923555,15680,1.4935238000000002,,10.183169,14.802493,-205.22482
784,782.9734,17.261364,,0.19,0.99741834,9.704491,785,0.958,8.554541,1.5023643999999998,16251.479113578796,10.009727499999999,8.505166000000001,13.429678,9.395475194285456,,0.11,0.9999968000000001,17.261364,34.12336,22.945377,15700,1.4804264,,10.181095,14.021334,-204.94503999999998
785,783.9872,17.261364,,0.19,0.99743915,9.703217500000001,786,0.958,8.494846,1.5014048,16287.99199151993,10.008415,8.505282000000001,13.434054000000001,9.330626634343922,,0.11,0.9999968000000001,17.261364,34.13511,22.96718,15720,1.498743,,10.178949000000001,16.874474,-204.66231000000002
786,784.9867,17.261364,,0.19,0.99744177,9.701945,787,0.958,8.548036999999999,1.5004486000000001,16323.10845375061,10.007054,8.505345,13.439748999999999,9.39059806548266,,0.11,0.9999968000000001,17.261364,34.146248,22.988958,15740,1.483714,,10.176877000000001,17.917536,-204.37900000000002
787,785.9979,17.261364,,0.19,0.9974593,9.700676,788,0.958,8.510534,1.4994966,16360.355832099916,10.0057535,8.505465,13.440689,9.349513799069776,,0.11,0.9999968000000001,17.261364,34.1579,23.010721,15760,1.4943701,,10.174763,14.182846,-204.10112
788,787.0117,17.261364,,0.19,0.9974799999999999,9.699408,789,0.958,8.494444,1.4985473,16397.743811130524,10.004451,8.505578,13.442739499999998,9.32815057400353,,0.11,0.9999968000000001,17.261364,34.169674,23.032460999999998,15780,1.4959942,,10.172633,15.061724,-203.82283
789,788.02637,17.261364,,0.19,0.99750173,9.698141,790,0.958,8.478877,1.4976022,16437.047542572018,10.003135,8.505674,13.4453125,9.313708389954064,,0.11,0.9999968000000001,17.261364,34.1815,23.054178,15800,1.4961269,,10.170489,15.477945000000002,-203.54474
790,788.9809,17.261364,,0.19,0.99744743,9.696876,791,0.958,8.577408,1.4966607,16469.704994916916,10.001357,8.505303,13.447227,9.422062562858939,,0.11,0.9999968000000001,17.261364,34.190754,23.075854999999997,15820,1.435085,,10.168475,14.960953,-203.26802
791,789.9845,17.261364,,0.19,0.9974552,9.695613,792,0.958,8.545657,1.4957232,16510.1422393322,10.000053,8.5054035,13.452042,9.38181427035876,,0.11,0.9999968000000001,17.261364,34.20211,23.097535999999998,15840,1.4830745,,10.166427,17.264997,-202.98907
792,790.9973,17.261364,,0.19,0.99747455,9.694351,793,0.958,8.500523,1.4947883999999998,16540.534143209454,9.998771000000001,8.505521,13.458131,9.337876463938873,,0.11,0.9999968000000001,17.261364,34.213882,23.119192,15860,1.4915936,,10.164325,18.283737,-202.70953
793,792.01306,17.261364,,0.19,0.99749756,9.69309,794,0.958,8.456009,1.4938579,16569.286323547363,9.997437,8.505583,13.458046,9.291294658638684,,0.11,0.9999968000000001,17.261364,34.22579,23.140826999999998,15880,1.4934056,,10.162173,13.393620499999999,-202.43687
794,792.9605,17.261364,,0.19,0.9974346,9.691832000000002,795,0.958,8.580790499999999,1.4929298999999998,16605.99310946464,9.995605,8.505142,13.463354999999998,9.426498766309047,,0.11,0.9999968000000001,17.261364,34.234783,23.162422,15900,1.4243559,,10.160185,17.680914,-202.15955
795,793.9714,17.261364,,0.19,0.9974514999999999,9.690575,796,0.958,8.510311,1.4920063000000001,16651.03994035721,9.994332,8.505258,13.462905,9.34923581141075,,0.11,0.9999968000000001,17.261364,34.246502,23.184013,15920,1.4869012,,10.158112,13.108707999999998,-201.88863
796,794.9801,17.261364,,0.19,0.9974656,9.68932,797,0.958,8.524757000000001,1.4910858999999999,16679.100083112713,9.993064,8.505374,13.463820000000002,9.36217688029252,,0.11,0.9999968000000001,17.261364,34.25813,23.20559,15940,1.483748,,10.156062,14.194530499999999,-201.61700000000002
797,795.9916,17.261364,,0.19,0.9974832,9.688066000000001,798,0.958,8.508151,1.490169,16710.4980905056,9.991798,8.505489,13.46013,9.343089377184183,,0.11,0.9999968000000001,17.261364,34.26988,23.22715,15960,1.4856992,,10.153997,10.521714,-201.35066
798,796.99744,17.261364,,0.19,0.9974937,9.686813,799,0.958,8.532069,1.4892553999999998,16748.26185822487,9.990522,8.505589500000001,13.458941000000001,9.371425436462756,,0.11,0.9999968000000001,17.261364,34.281403000000005,23.248682000000002,15980,1.4792113000000002,,10.151966999999999,12.514451,-201.0825
799,798.00916,17.261364,,0.19,0.99751145,9.685562,800,0.958,8.506707,1.4883454,16790.486553192142,9.989263000000001,8.505703,13.458142,9.342458155730476,,0.11,0.9999968000000001,17.261364,34.29318,23.2702,16000,1.4841981000000002,,10.149911,12.823227000000001,-200.81464
800,799.0204,17.261364,,0.19,0.99752855,9.684313000000001,801,0.958,8.515411,1.4874386999999998,16825.150182962418,9.988017999999999,8.505828,13.465495,9.351326116705655,,0.11,0.9999968000000001,17.261364,34.30494,23.2917,16020,1.4827805,,10.147871,19.349806,-200.53926
801,800.0305,17.261364,,0.19,0.9975443000000002,9.683065,802,0.958,8.520324,1.4865346000000002,16869.357714891434,9.986774,8.50595,13.470131,9.355424779268317,,0.11,0.9999968000000001,17.261364,34.316666,23.313177,16040,1.481011,,10.145841,17.185492,-200.2673
802,801.03613,17.261364,,0.19,0.99755436,9.681819,803,0.958,8.530643,1.4856347,16905.523802518845,9.985507,8.506044000000001,13.467979000000001,9.37138996612352,,0.11,0.9999968000000001,17.261364,34.328205,23.334635000000002,16060,1.4755213,,10.143829,11.744628,-200.0028
803,802.02545,17.261364,,0.19,0.9975440999999999,9.680574,804,0.958,8.556983,1.4847381000000002,16946.52275538444,9.9841175,8.506012,13.46831,9.401538654183355,,0.11,0.9999968000000001,17.261364,34.339058,23.356070000000003,16080,1.4584812,,10.141855,13.736560999999998,-199.73648
804,803.0201400000001,17.261364,,0.19,0.99754053,9.679332,805,0.958,8.557165,1.4838443000000001,16994.372396230698,9.982785,8.506035,13.4718685,9.397337902274103,,0.11,0.9999968000000001,17.261364,34.350143,23.377491,16100,1.4628691999999999,,10.139888000000001,16.336805,-199.4676
805,804.03455,17.261364,,0.19,0.99756145,9.67809,806,0.958,8.476574000000001,1.4829544,17036.684484004974,9.9815235,8.506122999999999,13.474122,9.308702414166977,,0.11,0.9999968000000001,17.261364,34.36209,23.398884,16120,1.4818107,,10.137824,15.291251,-199.20068
806,805.04346,17.261364,,0.19,0.9975755,9.67685,807,0.958,8.5169935,1.4820671,17077.956889152527,9.980277000000001,8.506224000000001,13.472829,9.359039039095954,,0.11,0.9999968000000001,17.261364,34.37379,23.420269,16140,1.4752778999999998,,10.135815,12.433860000000001,-198.93793
807,806.0508,17.261364,,0.19,0.9975876,9.6756115,808,0.958,8.524498,1.4811833,17118.654547452927,9.979036,8.506326,13.474266,9.365808667931095,,0.11,0.9999968000000001,17.261364,34.385456,23.44162,16160,1.4732996999999999,,10.133821000000001,14.635407999999998,-198.67313000000001
808,807.0549,17.261364,,0.19,0.9975956,9.674375,809,0.958,8.538813000000001,1.4803028,17158.329151391987,9.977785,8.506414,13.476301999999999,9.37835580210142,,0.11,0.9999968000000001,17.261364,34.39697,23.462965,16180,1.4688566,,10.131849,15.122964000000001,-198.40837
809,808.06555,17.261364,,0.19,0.9976118,9.67314,810,0.958,8.511578,1.4794258,17204.418764352802,9.976562,8.506526,13.48156,9.350550893234272,,0.11,0.9999968000000001,17.261364,34.408783,23.484282,16200,1.4748011,,10.129849,17.739563,-198.14105
810,809.07715,17.261364,,0.19,0.99762905,9.6719055,811,0.958,8.505400999999999,1.478552,17244.622142791748,9.975339,8.506636,13.486035999999999,9.342771525744887,,0.11,0.9999968000000001,17.261364,34.42064,23.50558,16220,1.4748629,,10.127847000000001,17.11425,-197.87515
811,810.0886,17.261364,,0.19,0.9976461,9.670672999999999,812,0.958,8.509875,1.4776808000000001,17283.118016958233,9.974125,8.50675,13.488966,9.343830282700996,,0.11,0.9999968000000001,17.261364,34.432495,23.526863,16240,1.4737746999999999,,10.125853999999999,15.866869,-197.61143
812,811.09656,17.261364,,0.19,0.9976586999999999,9.669443,813,0.958,8.524842,1.476813,17320.621985197067,9.972906,8.506855999999999,13.487886999999999,9.36151694422816,,0.11,0.9999968000000001,17.261364,34.44421,23.548123999999998,16260,1.4696511,,10.123884,12.61409,-197.35238999999999
813,812.1106,17.261364,,0.19,0.9976789,9.668214,814,0.958,8.476471,1.4759485,17357.647140979767,9.971663000000001,8.506935,13.490448,9.310462885563952,,0.11,0.9999968000000001,17.261364,34.45619,23.569368,16280,1.4747503999999998,,10.1218605,15.576170000000001,-197.09033
814,813.1236,17.261364,,0.19,0.99769765,9.6669855,815,0.958,8.487261,1.4750873,17387.61659908295,9.970434,8.507024000000001,13.490203,9.323100967903924,,0.11,0.9999968000000001,17.261364,34.468132000000004,23.590591,16300,1.4729934,,10.119855000000001,13.294332999999998,-196.83173
815,814.1319,17.261364,,0.19,0.99771065,9.66576,816,0.958,8.524172,1.4742287,17425.032323598858,9.969228,8.507132,13.499267999999999,9.365865088098145,,0.11,0.9999968000000001,17.261364,34.479877,23.611797,16320,1.467511,,10.117898,20.887836,-196.56445
816,815.1392,17.261364,,0.19,0.99772245,9.664535,817,0.958,8.521945,1.4733733999999998,17464.374997377396,9.968009,8.507223,13.496609,9.362817108155678,,0.11,0.9999968000000001,17.261364,34.491596,23.63298,16340,1.4657626,,10.115946000000001,11.330767999999999,-196.30951000000002
817,816.115,17.261364,,0.19,0.99769557,9.663312,818,0.958,8.571186,1.4725215,17501.645817518234,9.966552,8.507072,13.497382,9.412832626071,,0.11,0.9999968000000001,17.261364,34.501987,23.654144,16360,1.4333178999999998,,10.114058,14.131739999999999,-196.0518
818,817.1272,17.261364,,0.19,0.9977133,9.66209,819,0.958,8.491728,1.4716728000000001,17537.625958204266,9.965339,8.507163,13.496483,9.330243672618023,,0.11,0.9999968000000001,17.261364,34.513927,23.67529,16380,1.4689756999999999,,10.112077000000001,12.76297,-195.79636000000002
819,818.1392,17.261364,,0.19,0.99773073,9.66087,820,0.958,8.494961,1.4708267,17576.18747425079,9.964132000000001,8.5072565,13.500193,9.334863829966665,,0.11,0.9999968000000001,17.261364,34.525864,23.696415,16400,1.4679870000000002,,10.110104,16.541925,-195.53694
820,819.1496599999999,17.261364,,0.19,0.9977461999999999,9.659651,821,0.958,8.510548,1.4699833,17610.529621124268,9.962937,8.507359,13.496134,9.344345405192016,,0.11,0.9999968000000001,17.261364,34.537735,23.717527,16420,1.465553,,10.108157,10.170036999999999,-195.28593
821,820.1565,17.261364,,0.19,0.9977573000000001,9.658434,822,0.958,8.529187,1.4691439,17642.73226928711,9.961744,8.507458999999999,13.500663000000001,9.368992800440656,,0.11,0.9999968000000001,17.261364,34.549465000000005,23.738617,16440,1.4612266999999999,,10.106236,17.219337,-195.02693
822,821.15857,17.261364,,0.19,0.99776256,9.657217999999999,823,0.958,8.541107,1.4683069,17680.60531020164,9.960525500000001,8.507529,13.503967999999999,9.383491072263288,,0.11,0.9999968000000001,17.261364,34.560997,23.75969,16460,1.455616,,10.104335,16.225168,-194.7698
823,822.13715,17.261364,,0.19,0.99773926,9.656003,824,0.958,8.569358,1.4674726,17719.924407243732,9.959116,8.507406,13.505907999999998,9.411880936941028,,0.11,0.9999968000000001,17.261364,34.571556,23.780739,16480,1.4314438,,10.10247,15.104764999999999,-194.51468
824,822.8219,17.261364,,0.19,0.9973599,9.654791000000001,825,0.958,8.599628,1.4666413999999999,17756.823558330536,9.954759,8.5042715,13.504173999999999,9.44793347826374,,0.11,0.9999968000000001,17.261364,34.571217,23.80078,16500,1.136614,,10.100649,12.077458,-194.26408
825,823.83374,17.261364,,0.19,0.9973774,9.653578999999999,826,0.958,8.504211,1.4658136,17793.17650461197,9.953588499999999,8.504381,13.506827,9.340543787953337,,0.11,0.9999968000000001,17.261364,34.583187,23.821798,16520,1.4623796,,10.098717,15.699686999999999,-194.00945
826,824.8473,17.261364,,0.19,0.99739695,9.6523695,827,0.958,8.484983999999999,1.4649885,17832.89520215988,9.952407000000001,8.504475999999999,13.514256,9.32016557086594,,0.11,0.9999968000000001,17.261364,34.595240000000004,23.842796,16540,1.4634497,,10.0967655,19.651096,-193.75063
827,825.8496,17.261364,,0.19,0.9974029000000001,9.651161,828,0.958,8.53918,1.4641658000000002,17864.154905557632,9.951205999999999,8.504548,13.511139000000002,9.380409842361564,,0.11,0.9999968000000001,17.261364,34.606823,23.86378,16560,1.4512497,,10.094885000000001,10.936869,-193.50298
828,826.8630400000001,17.261364,,0.19,0.9974221999999999,9.649954,829,0.958,8.486378,1.4633471000000002,17902.821156740192,9.950031,8.504643,13.516112,9.320752670383726,,0.11,0.9999968000000001,17.261364,34.618877000000005,23.884745000000002,16580,1.4616837999999999,,10.092944000000001,17.637885999999998,-193.24782
829,827.8446,17.261364,,0.19,0.99740314,9.648748,830,0.958,8.565311,1.4625301000000002,17940.368112564087,9.948669,8.504547,13.516031,9.409190005945653,,0.11,0.9999968000000001,17.261364,34.629612,23.905685000000002,16600,1.4290228,,10.091103,13.451315,-192.99833999999998
830,828.8544,17.261364,,0.19,0.997418,9.647544,831,0.958,8.511225,1.4617167,17976.701481342316,9.947505,8.504646000000001,13.510798999999999,9.350508537893171,,0.11,0.9999968000000001,17.261364,34.641525,23.926613,16620,1.4563643999999998,,10.089202,9.171816,-192.75462
831,829.8367,17.261364,,0.19,0.99739987,9.646341,832,0.958,8.565722000000001,1.4609063,18016.42245721817,9.946159,8.504560000000001,13.508376,9.407193596188833,,0.11,0.9999968000000001,17.261364,34.6523,23.94752,16640,1.4282515,,10.087371000000001,11.497058,-192.50868
832,830.8457,17.261364,,0.19,0.9974138000000001,9.645141,833,0.958,8.520685,1.4600984,18049.737652778622,9.945012,8.504669,13.509872,9.359033994271424,,0.11,0.9999968000000001,17.261364,34.6642,23.968409,16660,1.4540440000000001,,10.085489,14.758121,-192.25941
833,831.8596,17.261364,,0.19,0.9974335999999999,9.643941,834,0.958,8.477547999999999,1.459293,18086.38334012032,9.943843,8.504753,13.509291000000001,9.306871202791081,,0.11,0.9999968000000001,17.261364,34.676303999999995,23.989279999999997,16680,1.458235,,10.083561999999999,13.025967999999999,-192.01282
834,832.82117,17.261364,,0.19,0.9973905999999999,9.642742,835,0.958,8.574289,1.458491,18126.87345314026,9.9423065,8.504466,13.507321,9.418851859782237,,0.11,0.9999968000000001,17.261364,34.686256,24.01012,16700,1.4051486999999998,,10.081754,11.869667,-191.76825
835,833.82117,17.261364,,0.19,0.9973936999999999,9.641544999999999,836,0.958,8.548558,1.4576913999999999,18163.212318181988,9.941125999999999,8.504532000000001,13.511268,9.389914051466306,,0.11,0.9999968000000001,17.261364,34.697796000000004,24.030954,16720,1.4427299999999998,,10.079919,16.80879,-191.51831
836,834.82794,17.261364,,0.19,0.99740493,9.64035,837,0.958,8.534299,1.4568951,18201.177972555157,9.939992,8.504642,13.516078,9.371234068059788,,0.11,0.9999968000000001,17.261364,34.70962,24.051773,16740,1.4487579,,10.0780735,17.539244,-191.26811
837,835.8393,17.261364,,0.19,0.99742156,9.639155,838,0.958,8.505042,1.4561012,18243.07724332809,9.938856,8.5047455,13.513956,9.339329969013109,,0.11,0.9999968000000001,17.261364,34.721645,24.072570000000002,16760,1.4525721,,10.076198,11.743245,-191.02539
838,836.8413,17.261364,,0.19,0.99742705,9.637963000000001,839,0.958,8.544555,1.4553098999999998,18286.433119773865,9.937697,8.504824000000001,13.51866,9.385836131145524,,0.11,0.9999968000000001,17.261364,34.73328,24.093357,16780,1.4425014999999999,,10.074371000000001,17.461344,-190.77646000000001
839,837.8095,17.261364,,0.19,0.9973923000000001,9.636772,840,0.958,8.575603,1.4545218,18327.864655017853,9.936250999999999,8.504610000000001,13.523098999999998,9.420321541100003,,0.11,0.9999968000000001,17.261364,34.743538,24.11411,16800,1.4078126,,10.072586,17.25141,-190.5284
840,838.8233,17.261364,,0.19,0.9974118000000001,9.635582000000001,841,0.958,8.473523,1.4537361999999998,18367.930567979813,9.935093,8.5046835,13.523871,9.30732816572448,,0.11,0.9999968000000001,17.261364,34.75568,24.134854999999998,16820,1.452719,,10.070685000000001,14.175004999999999,-190.28456
841,839.8168,17.261364,,0.19,0.9974071,9.634394,842,0.958,8.559914,1.4529531,18407.05693078041,9.933883,8.504700999999999,13.528706,9.401098047637927,,0.11,0.9999968000000001,17.261364,34.766987,24.15558,16840,1.4316773,,10.068891,17.597197,-190.03725
842,840.8275,17.261364,,0.19,0.99742293,9.633207,843,0.958,8.514871000000001,1.4521725,18441.541647434235,9.932774,8.504816,13.5372715,9.351650315641175,,0.11,0.9999968000000001,17.261364,34.779007,24.176294,16860,1.4480479,,10.067048,20.752682,-189.78676000000002
843,841.83246,17.261364,,0.19,0.9974318000000001,9.632022000000001,844,0.958,8.535455,1.451395,18484.037509918213,9.931645,8.504909,13.536221,9.37352058480626,,0.11,0.9999968000000001,17.261364,34.790802,24.196983,16880,1.4417628999999998,,10.065233000000001,12.653285,-189.54646
844,842.8478,17.261364,,0.19,0.997453,9.630837,845,0.958,8.420996,1.451193,18519.25735855102,9.930425999999999,8.504907000000001,13.530814999999999,9.24541629784168,,0.11,0.9999968000000001,17.261364,34.803024,24.217659,16900,1.451193,,10.063286,8.971471000000001,-189.3111
845,843.8553,17.261364,,0.19,0.9974649,9.629655,846,0.958,8.528489,1.4504195,18560.373235940933,9.929314999999999,8.505011,13.537366,9.368769043176867,,0.11,0.9999968000000001,17.261364,34.81493,24.238316,16920,1.4427079,,10.061473,19.076622,-189.06433
846,844.8330699999999,17.261364,,0.19,0.99744165,9.628473,847,0.958,8.568402,1.4496479,18598.22825717926,9.927977,8.504883999999999,13.53532,9.411052184504474,,0.11,0.9999968000000001,17.261364,34.825623,24.258951,16940,1.4123836,,10.05971,11.805485000000001,-188.82678
847,845.83466,17.261364,,0.19,0.99744654,9.627294000000001,848,0.958,8.545651,1.4488795,18639.11524510384,9.926841,8.504957000000001,13.53326,9.38280781491998,,0.11,0.9999968000000001,17.261364,34.83729,24.279575,16960,1.4352343,,10.057924,11.791499,-188.58977
848,846.8429,17.261364,,0.19,0.99745923,9.626114999999999,849,0.958,8.522908000000001,1.4481142,18682.446881055832,9.925737,8.505059,13.536348,9.363064967846881,,0.11,0.9999968000000001,17.261364,34.849243,24.300179999999997,16980,1.4411733,,10.056117,16.158693,-188.34816
849,847.8365,17.261364,,0.19,0.9974546999999999,9.624938,850,0.958,8.554502000000001,1.4473506999999999,18719.153795480728,9.924544000000001,8.505069,13.535342000000002,9.397246115689352,,0.11,0.9999968000000001,17.261364,34.860603000000005,24.320763,17000,1.4259856000000002,,10.05435,12.685013,-188.11125
850,848.8353,17.261364,,0.19,0.9974563,9.623762,851,0.958,8.551559,1.4465903,18758.036524534222,9.9234,8.505124,13.5375595,9.391253837057617,,0.11,0.9999968000000001,17.261364,34.872177,24.341335,17020,1.4303466999999999,,10.052586,15.424036,-187.87166000000002
851,849.83984,17.261364,,0.19,0.9974646,9.622587,852,0.958,8.539769999999999,1.4458332,18795.502584695816,9.922298,8.5052185,13.541391,9.378119192532665,,0.11,0.9999968000000001,17.261364,34.883995,24.361883,17040,1.4353711999999998,,10.050809,16.804342000000002,-187.63099999999997
852,850.8523,17.261364,,0.19,0.9974822,9.621414,853,0.958,8.492486,1.4450777,18835.972338676453,9.921196,8.50531,13.544047,9.32672483053474,,0.11,0.9999968000000001,17.261364,34.896137,24.382421,17060,1.4424808999999998,,10.048982,15.811175,-187.39207
853,851.8523,17.261364,,0.19,0.9974851,9.620242999999999,854,0.958,8.552216,1.444324,18872.930788993835,9.9200735,8.505378,13.546709,9.389184673381711,,0.11,0.9999968000000001,17.261364,34.907776,24.402939,17080,1.4293758,,10.04723,15.818641,-187.1537
854,852.8576,17.261364,,0.19,0.9974943000000002,9.619073,855,0.958,8.53249,1.4435749,18911.71244931221,9.918975,8.505466,13.547726999999998,9.373593187858956,,0.11,0.9999968000000001,17.261364,34.91964,24.423437,17100,1.433992,,10.045457,14.419120999999999,-186.91753
855,853.8368,17.261364,,0.19,0.9974728999999999,9.617904,856,0.958,8.5714035,1.4428263000000001,18952.62591958046,9.917682000000001,8.505358,13.544494,9.409689755220978,,0.11,0.9999968000000001,17.261364,34.930443,24.443916,17120,1.4071684,,10.0437355,10.783658,-186.68617
856,854.8467,17.261364,,0.19,0.99748737,9.616736,857,0.958,8.516453,1.4420819,18993.736579418182,9.916606,8.505464,13.549332000000001,9.353144063025312,,0.11,0.9999968000000001,17.261364,34.9425,24.464382,17140,1.4370313,,10.041953,17.692345,-186.44727
857,855.8553,17.261364,,0.19,0.99750036,9.61557,858,0.958,8.526848,1.4413395,19033.83822798729,9.915539,8.505575,13.559633999999999,9.364098050930103,,0.11,0.9999968000000001,17.261364,34.954514,24.484829,17160,1.4351878,,10.040187,22.392725,-186.20345
858,856.826,17.261364,,0.19,0.9974690999999999,9.614405,859,0.958,8.567883,1.4405988,19067.81590437889,9.914164999999999,8.505376,13.549037,9.409958564622166,,0.11,0.9999968000000001,17.261364,34.964993,24.505253,17180,1.3965819,,10.038474,4.4600697,-185.9811
859,857.8346,17.261364,,0.19,0.99748206,9.613241,860,0.958,8.524049,1.4398613,19106.86991238594,9.913099,8.505483,13.55246,9.360270993647807,,0.11,0.9999968000000001,17.261364,34.977016,24.525665,17200,1.4336256,,10.036712,16.495276999999998,-185.74524
860,858.6571,17.261364,,0.19,0.99727887,9.61208,861,0.958,8.593779,1.4391254,19145.072577238083,9.910311,8.503846000000001,13.548793,9.440231368401117,,0.11,0.9999968000000001,17.261364,34.98191,24.545745999999998,17220,1.2467747999999998,,10.035036,10.397879,-185.51717
861,859.66345,17.261364,,0.19,0.99728936,9.610919,862,0.958,8.534241,1.4383928,19188.29558157921,9.909247,8.503949,13.5523,9.371955470914019,,0.11,0.9999968000000001,17.261364,34.99386,24.566124,17240,1.4298024,,10.033296,16.574747,-185.2823
862,860.663,17.261364,,0.19,0.99729204,9.609759,863,0.958,8.550494,1.4376631000000002,19232.070137500763,9.908145,8.504011,13.550892999999999,9.388320727732507,,0.11,0.9999968000000001,17.261364,35.005527,24.586489,17260,1.4221435,,10.031578,12.34083,-185.0529
863,861.6757,17.261364,,0.19,0.99730986,9.608602000000001,864,0.958,8.486781,1.4369353,19271.23336839676,9.907069,8.504096,13.550564000000001,9.322067618505574,,0.11,0.9999968000000001,17.261364,35.017734999999995,24.606838,17280,1.4345651000000001,,10.02979,13.268445000000002,-184.82295
864,862.6759,17.261364,,0.19,0.9973132,9.607445,865,0.958,8.552155,1.4362092,19308.57673978805,9.905981,8.504167,13.558612,9.393088672497656,,0.11,0.9999968000000001,17.261364,35.02944,24.627167,17300,1.4214356000000001,,10.028082000000001,20.51494,-184.58516
865,863.6819,17.261364,,0.19,0.9973232,9.606289,866,0.958,8.533128999999999,1.4354862,19348.4927110672,9.904922500000001,8.504263,13.560497,9.372546518802904,,0.11,0.9999968000000001,17.261364,35.04138,24.647484,17320,1.4265623,,10.026356,15.19411,-184.35405
866,864.69275,17.261364,,0.19,0.99733883,9.605135,867,0.958,8.508738000000001,1.4347663,19388.332523107532,9.9038725,8.504366000000001,13.567335,9.346311239465932,,0.11,0.9999968000000001,17.261364,35.05353,24.667778,17340,1.4307846000000002,,10.024605000000001,19.492134,-184.11852
867,865.69995,17.261364,,0.19,0.99735016,9.603982,868,0.958,8.52812,1.4340467,19431.752302885056,9.902822,8.504464,13.569679999999998,9.368094456535404,,0.11,0.9999968000000001,17.261364,35.065529999999995,24.688063,17360,1.4262778999999999,,10.022881,15.606532999999999,-183.88801999999998
868,866.7049599999999,17.261364,,0.19,0.997359,9.602831,869,0.958,8.536843,1.4333316999999999,19470.111212015152,9.901767999999999,8.504557,13.573826,9.377105838233557,,0.11,0.9999968000000001,17.261364,35.07745,24.708323,17380,1.4236416,,10.02117,17.174799,-183.65625
869,867.68665,17.261364,,0.19,0.997341,9.601681,870,0.958,8.567505,1.4326183000000001,19508.220793485638,9.900536,8.504469,13.572107999999998,9.409490344156069,,0.11,0.9999968000000001,17.261364,35.088436,24.728563,17400,1.3996372,,10.0195,12.08303,-183.43088
870,868.699,17.261364,,0.19,0.9973582000000001,9.600532000000001,871,0.958,8.494087,1.4319066999999999,19546.257864952087,9.899486999999999,8.504561,13.579343,9.330157909089873,,0.11,0.9999968000000001,17.261364,35.100654999999996,24.748796,17420,1.4293635,,10.017749,19.875602999999998,-183.19704
871,869.70874,17.261364,,0.19,0.9973724,9.599383999999999,872,0.958,8.511605,1.4311981000000003,19589.657289028168,9.898446,8.504659,13.581507,9.3520134186108,,0.11,0.9999968000000001,17.261364,35.112774,24.769012,17440,1.4262344,,10.016022,15.470238,-182.96881000000002
872,870.71564,17.261364,,0.19,0.9973833000000001,9.598238,873,0.958,8.527281,1.4304912,19622.22381067276,9.897403,8.504750999999999,13.580942000000002,9.366432871784276,,0.11,0.9999968000000001,17.261364,35.124786,24.789207,17460,1.4227703,,10.014317,13.089148,-182.74382
873,871.7261,17.261364,,0.19,0.99739826,9.597094,874,0.958,8.508652,1.4297874,19663.886667728424,9.896367999999999,8.504849,13.581685,9.344811084785462,,0.11,0.9999968000000001,17.261364,35.136944,24.809387,17480,1.4255978999999999,,10.012592,14.233913000000001,-182.51803999999998
874,872.7106,17.261364,,0.19,0.99738353,9.59595,875,0.958,8.56353,1.4290855,19704.4360601902,9.895172,8.504783999999999,13.583282,9.409557217488503,,0.11,0.9999968000000001,17.261364,35.148067,24.829546,17500,1.3991088,,10.010938000000001,14.983095,-182.29193
875,873.70105,17.261364,,0.19,0.9973755999999999,9.594808,876,0.958,8.556989999999999,1.428385,19747.692308425903,9.894026,8.504764999999999,13.579396,9.400326362408206,,0.11,0.9999968000000001,17.261364,35.159428000000005,24.849695,17520,1.4042337999999999,,10.009277,10.183352000000001,-182.07185
876,874.7117300000001,17.261364,,0.19,0.9973908000000001,9.593667,877,0.958,8.506332,1.4276878,19789.802795886997,9.892998,8.504861,13.579139000000001,9.341050604022405,,0.11,0.9999968000000001,17.261364,35.171608,24.869825,17540,1.4238725,,10.007563000000001,13.354357,-181.8486
877,875.72144,17.261364,,0.19,0.9974048000000001,9.592527,878,0.958,8.512056,1.4269922,19833.66073060036,9.891971,8.504955,13.577122,9.34879448879652,,0.11,0.9999968000000001,17.261364,35.183746,24.889942,17560,1.4221449,,10.00586,11.810941999999999,-181.62763999999999
878,876.73285,17.261364,,0.19,0.9974208000000001,9.591389,879,0.958,8.501923,1.4262997,19868.09457397461,9.890947,8.505052000000001,13.583758999999999,9.336847475813805,,0.11,0.9999968000000001,17.261364,35.195965,24.910038,17580,1.423286,,10.004149,19.413925,-181.3985
879,877.7387,17.261364,,0.19,0.9974303,9.590252,880,0.958,8.535534,1.4256089,19901.71859240532,9.889927,8.505147000000001,13.591784,9.376448629158244,,0.11,0.9999968000000001,17.261364,35.207954,24.930124,17600,1.416999,,10.002480499999999,20.649559,-181.1685
880,878.7506,17.261364,,0.19,0.9974468000000001,9.589116,881,0.958,8.490015,1.4249209999999999,19939.8538377285,9.888893,8.505227,13.590119,9.324989933658305,,0.11,0.9999968000000001,17.261364,35.2202,24.950188,17620,1.4224012,,10.000763000000001,12.128596,-180.94868
881,879.7625,17.261364,,0.19,0.99746317,9.587982,882,0.958,8.483931,1.4242350000000001,19980.914753198624,9.887853999999999,8.505299,13.584162,9.3197049318029,,0.11,0.9999968000000001,17.261364,35.232445,24.970238000000002,17640,1.4218817,,9.999042999999999,8.336229,-180.73369
882,880.7657,17.261364,,0.19,0.9974696,9.586849,883,0.958,8.537199000000001,1.4235506000000002,20014.04588055611,9.886819000000001,8.505372,13.582876999999998,9.378960628021243,,0.11,0.9999968000000001,17.261364,35.244343,24.990270000000002,17660,1.4124860000000001,,9.997388,12.453657000000002,-180.51451
883,881.77386,17.261364,,0.19,0.99748176,9.585717,884,0.958,8.523085,1.4228691999999998,20055.402782917023,9.885811,8.505469,13.587651999999999,9.361700749051415,,0.11,0.9999968000000001,17.261364,35.256446999999994,25.010288,17680,1.4168693,,9.99572,17.806701999999998,-180.28976
884,882.7846699999999,17.261364,,0.19,0.9974968000000001,9.584586,885,0.958,8.503159,1.4221896,20089.54335474968,9.884797,8.505559,13.58804,9.339448914910816,,0.11,0.9999968000000001,17.261364,35.26865,25.030294,17700,1.4186364,,9.994035,13.936106,-180.06992
885,883.79395,17.261364,,0.19,0.9975101000000001,9.583457000000001,886,0.958,8.5153675,1.4215117,20130.30716466904,9.883792,8.505654,13.592078,9.353100767713556,,0.11,0.9999968000000001,17.261364,35.280803999999996,25.050278,17720,1.4167153000000001,,9.992365,17.167067000000003,-179.84691
886,884.8041,17.261364,,0.19,0.9975243,9.582329,887,0.958,8.505469999999999,1.4208367,20170.627395153046,9.882781,8.505741,13.590071,9.343005987921847,,0.11,0.9999968000000001,17.261364,35.292995,25.070246,17740,1.4167801000000002,,9.990688,11.812078999999999,-179.63045
887,885.81384,17.261364,,0.19,0.9975381,9.5812025,888,0.958,8.510576,1.4201633999999999,20214.00730752945,9.881779,8.505834,13.588219,9.344272017892909,,0.11,0.9999968000000001,17.261364,35.305172,25.0902,17760,1.4159642,,9.989022,11.948925,-179.4143
888,886.8218400000001,17.261364,,0.19,0.9975499,9.580077000000001,889,0.958,8.519976,1.4194931,20261.0393178463,9.880777,8.505925,13.585733,9.357453899906249,,0.11,0.9999968000000001,17.261364,35.31728,25.110139999999998,17780,1.4134521,,9.98737,11.381198,-179.19931
889,887.83325,17.261364,,0.19,0.99756545,9.578953,890,0.958,8.48715,1.4188243999999999,20300.90635466576,9.879757000000001,8.505995,13.578786,9.322476818972923,,0.11,0.9999968000000001,17.261364,35.329536,25.130056,17800,1.4162788,,9.985684,7.406992,-178.98926
890,888.8456,17.261364,,0.19,0.997582,9.577829,891,0.958,8.476075,1.4181576,20338.008969306942,9.878732000000001,8.506057,13.575520499999998,9.307285989310095,,0.11,0.9999968000000001,17.261364,35.34182,25.149967,17820,1.4166018,,9.983989,10.671455,-178.77598999999998
891,889.85547,17.261364,,0.19,0.99759585,9.576708,892,0.958,8.505801,1.4174924,20379.81612443924,9.877730999999999,8.506141,13.567604000000001,9.33930433529333,,0.11,0.9999968000000001,17.261364,35.354009999999995,25.169859,17840,1.4134332,,9.982332000000001,6.515844,-178.56787
892,890.8576699999999,17.261364,,0.19,0.9976010000000001,9.575586999999999,893,0.958,8.542923,1.4168301,20417.14549064636,9.876719,8.506211,13.567585000000001,9.382065896106047,,0.11,0.9999968000000001,17.261364,35.365906,25.189732,17860,1.405205,,9.9807205,13.552704,-178.35236
893,891.8616,17.261364,,0.19,0.9976079999999999,9.574469,894,0.958,8.538977000000001,1.4161695,20456.875619649887,9.875717,8.506289,13.571895000000001,9.380097803963718,,0.11,0.9999968000000001,17.261364,35.377865,25.209592999999998,17880,1.406173,,9.979108,17.421728,-178.13298
894,892.86395,17.261364,,0.19,0.9976134,9.57335,895,0.958,8.546831,1.415512,20497.33306670189,9.87472,8.506369,13.577028,9.384665060892903,,0.11,0.9999968000000001,17.261364,35.38977,25.229437,17900,1.4042431999999998,,9.977508,18.171955,-177.91326999999998
895,893.86597,17.261364,,0.19,0.99761826,9.572233,896,0.958,8.545135499999999,1.414856,20535.35639595985,9.873714,8.506438000000001,13.579742999999999,9.384331002451336,,0.11,0.9999968000000001,17.261364,35.40167,25.249261999999998,17920,1.4031589,,9.975908,16.0119,-177.69646
896,894.8557,17.261364,,0.19,0.9976094999999999,9.571117999999998,897,0.958,8.5674925,1.4142017,20573.573011398315,9.872633,8.506428999999999,13.585398000000001,9.407592443541256,,0.11,0.9999968000000001,17.261364,35.41308,25.269075,17940,1.3903023,,9.974339500000001,18.653686999999998,-177.4772
897,895.8648699999999,17.261364,,0.19,0.9976224,9.5700035,898,0.958,8.514088000000001,1.4135492,20615.34228014946,9.871653,8.506517,13.586772,9.350676039592107,,0.11,0.9999968000000001,17.261364,35.425262,25.288870000000003,17960,1.4089503,,9.9727125,14.821396,-177.26266
898,896.8665,17.261364,,0.19,0.99762684,9.568891,899,0.958,8.544251,1.4128995,20655.397956848145,9.870652,8.506584,13.583748000000002,9.38135089164955,,0.11,0.9999968000000001,17.261364,35.437153,25.308651,17980,1.4009406999999998,,9.971124,10.871773,-177.05302
899,897.87695,17.261364,,0.19,0.9976411000000001,9.56778,900,0.958,8.5012455,1.4122516,20694.702400445934,9.86967,8.506666000000001,13.587195999999999,9.33864494296393,,0.11,0.9999968000000001,17.261364,35.449394,25.328415,18000,1.4090672,,9.969489999999999,16.689507,-176.83737
900,898.8857,17.261364,,0.19,0.99765337,9.5666685,901,0.958,8.518881,1.4116052,20737.56531453133,9.868699000000001,8.506758,13.588382999999999,9.353763932998726,,0.11,0.9999968000000001,17.261364,35.461563,25.34817,18020,1.4066317,,9.967881,14.659392,-176.62447
901,899.8959,17.261364,,0.19,0.99766725,9.565559,902,0.958,8.503255000000001,1.4109618999999998,20776.246272563934,9.867724,8.506842,13.592329999999999,9.339977892887887,,0.11,0.9999968000000001,17.261364,35.4738,25.3679,18040,1.4076838,,9.966258,17.150976,-176.40927
902,900.90375,17.261364,,0.19,0.9976786,9.564451,903,0.958,8.519214,1.4103202,20811.985502004623,9.866750999999999,8.506926,13.594010999999998,9.358977687735402,,0.11,0.9999968000000001,17.261364,35.485946999999996,25.387620000000002,18060,1.4046477,,9.964655,15.114351000000001,-176.19678000000002
903,901.9134,17.261364,,0.19,0.9976918,9.563345,904,0.958,8.509269999999999,1.4096801,20853.98187375069,9.865784,8.507013,13.599093,9.345245050147588,,0.11,0.9999968000000001,17.261364,35.49817,25.407322,18080,1.4060093999999999,,9.963044,18.189186,-175.98137
904,902.9195599999999,17.261364,,0.19,0.99770117,9.562239,905,0.958,8.529874000000001,1.4090416000000001,20895.23189806938,9.864817,8.507098,13.59958,9.36767411913991,,0.11,0.9999968000000001,17.261364,35.510246,25.427015,18100,1.4016957,,9.96146,14.042562,-175.77103
905,903.9258,17.261364,,0.19,0.9977106,9.561134,906,0.958,8.526703,1.4084063,20931.85836386681,9.863847999999999,8.507178,13.598741,9.365464463521324,,0.11,0.9999968000000001,17.261364,35.52234,25.446686,18120,1.4013388,,9.959877,12.840717999999999,-175.56247
906,904.93646,17.261364,,0.19,0.9977249,9.560032000000001,907,0.958,8.49897,1.4077723999999998,20967.52831578255,9.86288,8.507258,13.602762,9.333390649964683,,0.11,0.9999968000000001,17.261364,35.534603000000004,25.466345,18140,1.405063,,9.958267,17.248413,-175.34951999999998
907,905.93024,17.261364,,0.19,0.99772054,9.558929,908,0.958,8.561075,1.4071403,21012.67619872093,9.86185,8.507273,13.607176,9.401884848004466,,0.11,0.9999968000000001,17.261364,35.546207,25.485989,18160,1.3875790000000001,,9.956728,17.614828,-175.13664
908,906.94214,17.261364,,0.19,0.9977360999999999,9.557829,909,0.958,8.47678,1.406511,21045.98005723953,9.860864999999999,8.50733,13.611660999999998,9.309373516696835,,0.11,0.9999968000000001,17.261364,35.558525,25.505617,18180,1.4051542,,9.9551,17.686273999999997,-174.92415
909,907.9418,17.261364,,0.19,0.9977381999999999,9.556728999999999,910,0.958,8.546945,1.405882,21090.071352720257,9.859873,8.507379,13.61212,9.388660131602077,,0.11,0.9999968000000001,17.261364,35.570370000000004,25.525226999999997,18200,1.3922155,,9.953552,14.031510999999998,-174.71614
910,908.94214,17.261364,,0.19,0.9977411,9.555631,911,0.958,8.540358,1.4052559999999998,21133.104859590534,9.858883,8.507425999999999,13.608966,9.38397303568848,,0.11,0.9999968000000001,17.261364,35.582245,25.544823,18220,1.3925343000000001,,9.952001,10.74025,-174.51218
911,909.9325,17.261364,,0.19,0.997733,9.554534,912,0.958,8.565449000000001,1.4046316,21176.526484012604,9.857839,8.507417,13.615829999999999,9.408138307059733,,0.11,0.9999968000000001,17.261364,35.593727,25.564404999999997,18240,1.381766,,9.95048,19.873379999999997,-174.29869
912,910.9441,17.261364,,0.19,0.9977482,9.553438,913,0.958,8.478795,1.4040101999999999,21219.35308527946,9.856859,8.507471,13.615275,9.311530167936569,,0.11,0.9999968000000001,17.261364,35.60604,25.583976999999997,18260,1.402411,,9.948868,13.110576000000002,-174.09306
913,911.9490400000001,17.261364,,0.19,0.99775606,9.552342999999999,914,0.958,8.533866999999999,1.4033891,21260.637117624286,9.855908,8.50755,13.618607999999998,9.374045066955508,,0.11,0.9999968000000001,17.261364,35.618107,25.603523000000003,18280,1.3951981000000002,,9.947321,16.664545,-173.88398999999998
914,912.956,17.261364,,0.19,0.99776614,9.551249499999999,915,0.958,8.524847,1.4027709,21299.8859000206,9.854963,8.507633,13.623164000000001,9.365117971359046,,0.11,0.9999968000000001,17.261364,35.63024,25.623066,18300,1.3965718999999999,,9.945766,17.79121,-173.67415
915,913.9432,17.261364,,0.19,0.9977546,9.550158,916,0.958,8.569085000000001,1.4021543,21342.291491031647,9.853904,8.507599,13.627535,9.409793375093654,,0.11,0.9999968000000001,17.261364,35.641617,25.642584,18320,1.3763895000000002,,9.944263000000001,17.628079999999997,-173.46495
916,914.9533,17.261364,,0.19,0.99776804,9.549066999999999,917,0.958,8.500539999999999,1.4015393,21388.415655851364,9.852955,8.507672999999999,13.629032999999998,9.336328982835107,,0.11,0.9999968000000001,17.261364,35.653884999999995,25.662092,18340,1.3985364,,9.942688,15.002882000000001,-173.25906
917,915.9544,17.261364,,0.19,0.9977716999999999,9.5479765,918,0.958,8.549496000000001,1.4009273000000002,21424.828593015667,9.851999000000001,8.507739,13.63458,9.38830461823754,,0.11,0.9999968000000001,17.261364,35.665802,25.681587,18360,1.3890247,,9.941171,18.724846,-173.04956
918,916.95166,17.261364,,0.19,0.99777114,9.546888000000001,919,0.958,8.556424,1.4003168,21472.269790410995,9.851021000000001,8.507779,13.639992000000001,9.397061622893975,,0.11,0.9999968000000001,17.261364,35.677574,25.701065,18380,1.3845096000000001,,9.939664,18.610367,-172.84065
919,917.90045,17.261364,,0.19,0.99771786,9.5458,920,0.958,8.585433,1.3997066999999999,21516.39365196228,9.849638,8.507412,13.6445055,9.430181037857547,,0.11,0.9999968000000001,17.261364,35.687508,25.720497,18400,1.3356235,,9.938191999999999,17.795118,-172.63313
920,918.9085699999999,17.261364,,0.19,0.9977292,9.544714,921,0.958,8.521917,1.3990995000000002,21563.006167411804,9.848713,8.507501,13.650098999999999,9.35894064628778,,0.11,0.9999968000000001,17.261364,35.699703,25.73995,18420,1.3940357,,9.936655,18.798313,-172.42493000000002
921,919.8932,17.261364,,0.19,0.99771494,9.543629,922,0.958,8.564726,1.3984952,21605.198374509808,9.847638,8.507438,13.647328,9.40749684360536,,0.11,0.9999968000000001,17.261364,35.711002,25.759377,18440,1.3702313,,9.935166,11.097506,-172.22552
922,920.90015,17.261364,,0.19,0.99772495,9.542544,923,0.958,8.5266,1.397891,21643.96107554436,9.846714,8.507524,13.651501000000001,9.364232855359447,,0.11,0.9999968000000001,17.261364,35.723164000000004,25.778795000000002,18460,1.3918996000000001,,9.9336405,17.500307,-172.01962
923,921.9098,17.261364,,0.19,0.9977379000000001,9.541462,924,0.958,8.500748,1.3972886999999998,21688.4797680378,9.845777499999999,8.507594000000001,13.648801,9.339049168290432,,0.11,0.9999968000000001,17.261364,35.735428000000006,25.798203,18480,1.3938535,,9.932089999999999,11.158947,-171.82103
924,922.92065,17.261364,,0.19,0.9977521,9.5403805,925,0.958,8.485649,1.3966892,21733.512995243076,9.844830499999999,8.507652,13.649026999999998,9.322469607564217,,0.11,0.9999968000000001,17.261364,35.747746,25.81759,18500,1.3946141,,9.930525999999999,13.861235,-171.61992
925,923.9195,17.261364,,0.19,0.99775326,9.5393,926,0.958,8.554219,1.3960912,21776.4027094841,9.84388,8.507703999999999,13.654154,9.393844153333463,,0.11,0.9999968000000001,17.261364,35.759598,25.836966,18520,1.3820004,,9.929039,18.399445,-171.41435
926,924.9242,17.261364,,0.19,0.9977607,9.538219999999999,927,0.958,8.530935000000001,1.3954948999999999,21819.59817457199,9.842951,8.507775,13.653176,9.37168945410197,,0.11,0.9999968000000001,17.261364,35.771679999999996,25.856325,18540,1.3873699,,9.927531,12.7505455,-171.21535
927,925.91565,17.261364,,0.19,0.9977539000000001,9.537142,928,0.958,8.561838,1.3949001,21865.620331764218,9.841944999999999,8.507767999999999,13.657445999999998,9.405627711631976,,0.11,0.9999968000000001,17.261364,35.783245,25.875675,18560,1.3733659,,9.926059,17.616077,-171.01152
928,926.9204,17.261364,,0.19,0.9977615,9.536064999999999,929,0.958,8.534392,1.3943082,21910.82177758217,9.841026,8.507845,13.662667,9.37551260984802,,0.11,0.9999968000000001,17.261364,35.795334000000004,25.895006,18580,1.3863461000000001,,9.924561500000001,18.511608,-170.80714
929,927.9078,17.261364,,0.19,0.9977503000000001,9.534989,930,0.958,8.565439999999999,1.3937167,21954.158790588383,9.839993,8.507806,13.664229,9.408332059440145,,0.11,0.9999968000000001,17.261364,35.806754999999995,25.914322,18600,1.3682021,,9.9230995,15.120272,-170.6069
930,928.9125,17.261364,,0.19,0.99775773,9.533914999999999,931,0.958,8.533697,1.3931278999999999,21994.781135559082,9.839075999999999,8.50788,13.663557,9.372094514820596,,0.11,0.9999968000000001,17.261364,35.818847999999996,25.933622,18620,1.3850352,,9.921608,13.037907,-170.4093
931,929.9118,17.261364,,0.19,0.99775946,9.532841000000001,932,0.958,8.552456,1.3925408000000001,22037.911886930462,9.8381405,8.507933999999999,13.664444,9.389646301977077,,0.11,0.9999968000000001,17.261364,35.830729999999996,25.952911,18640,1.3791777,,9.920138,14.493547,-170.21057
932,930.9177,17.261364,,0.19,0.9977681999999999,9.531769,933,0.958,8.531460000000001,1.3919553999999998,22077.700007438656,9.837234500000001,8.508014999999999,13.668638,9.370252213619423,,0.11,0.9999968000000001,17.261364,35.842873,25.972185,18660,1.3850114,,9.918652,17.581879999999998,-170.00894
933,931.92444,17.261364,,0.19,0.99777776,9.530698,934,0.958,8.52672,1.3913714,22115.497006893158,9.836329,8.508096,13.670429,9.364198909977972,,0.11,0.9999968000000001,17.261364,35.855038,25.991451,18680,1.3852360000000001,,9.917161,15.340956,-169.81013000000002
934,932.9205300000001,17.261364,,0.19,0.997776,9.529628,935,0.958,8.558363,1.3907889,22165.503062725067,9.835379,8.508127,13.677735,9.40068452573673,,0.11,0.9999968000000001,17.261364,35.86681,26.010693,18700,1.3742725,,9.915708,20.504701999999998,-169.60625
935,933.9171,17.261364,,0.19,0.9977746999999999,9.528559,936,0.958,8.548685,1.3902081,22210.475376605988,9.83442,8.508149000000001,13.6705,9.389700628250194,,0.11,0.9999968000000001,17.261364,35.878593,26.029926,18720,1.3741192,,9.9142475,6.908293,-169.41733
936,934.9253,17.261364,,0.19,0.9977858000000001,9.527491,937,0.958,8.510335000000001,1.3896289,22251.555465698242,9.833511,8.508219,13.667794,9.349725007215184,,0.11,0.9999968000000001,17.261364,35.89083,26.049139999999998,18740,1.3851502,,9.912749,11.138627,-169.22429
937,935.93524,17.261364,,0.19,0.99779874,9.526424,938,0.958,8.500941000000001,1.3890525,22295.302237749103,9.832607000000001,8.508291,13.673110000000001,9.337066893204618,,0.11,0.9999968000000001,17.261364,35.903133000000004,26.068344,18760,1.3863196000000002,,9.911242999999999,18.65569,-169.02364
938,936.9435,17.261364,,0.19,0.9978099,9.525358,939,0.958,8.516099,1.3884777,22343.926720619198,9.831713,8.50837,13.676047,9.352970405712881,,0.11,0.9999968000000001,17.261364,35.915375,26.087532,18780,1.3841214,,9.909758,16.432281,-168.82578
939,937.9429,17.261364,,0.19,0.99781156,9.524294,940,0.958,8.543182,1.3879032,22384.422037363045,9.830778,8.508408,13.674595000000002,9.387911092466913,,0.11,0.9999968000000001,17.261364,35.927277000000004,26.106707,18800,1.3747758999999997,,9.908304,12.314117,-168.63275
940,938.94775,17.261364,,0.19,0.99781907,9.523231,941,0.958,8.531804,1.3873315000000002,22425.919253587726,9.829881,8.50848,13.677743,9.373434057178342,,0.11,0.9999968000000001,17.261364,35.939392,26.125866000000002,18820,1.3796828,,9.906841,16.638618,-168.43553
941,939.9525,17.261364,,0.19,0.99782646,9.522169,942,0.958,8.53737,1.3867613,22471.015234470367,9.828992,8.508559,13.683785999999998,9.37591809068028,,0.11,0.9999968000000001,17.261364,35.951504,26.145012,18840,1.3790488,,9.905388,19.37353,-168.2358
942,940.96094,17.261364,,0.19,0.99783766,9.521108,943,0.958,8.515162,1.3861928,22512.363612890244,9.828102000000001,8.5086355,13.689275,9.35327136795755,,0.11,0.9999968000000001,17.261364,35.963753000000004,26.164148,18860,1.3820348,,9.903913000000001,18.860718,-168.03705
943,941.8949,17.261364,,0.19,0.99777,9.520048,944,0.958,8.583018,1.3856257,22552.870524406437,9.826642,8.508137,13.688795,9.431090207308301,,0.11,0.9999968000000001,17.261364,35.973225,26.183222,18880,1.3071671999999999,,9.9025135,13.2420845,-167.84474
944,942.9051,17.261364,,0.19,0.9977832,9.518989,945,0.958,8.497692,1.3850603000000001,22593.340908765796,9.825751,8.508206,13.693079999999998,9.331172676690695,,0.11,0.9999968000000001,17.261364,35.985554,26.202322,18900,1.3827124,,9.901027000000001,17.738441,-167.64801
945,943.9101,17.261364,,0.19,0.9977908000000001,9.517930999999999,946,0.958,8.534636500000001,1.3844976,22635.914389133453,9.824867999999999,8.508283,13.697287,9.373909186644633,,0.11,0.9999968000000001,17.261364,35.997679999999995,26.221415000000004,18920,1.3770013,,9.899583999999999,17.675646,-167.45176999999998
946,944.9175,17.261364,,0.19,0.99780095,9.516875,947,0.958,8.524101,1.3839353,22675.770565986637,9.823995,8.508367,13.7022085,9.359989991217754,,0.11,0.9999968000000001,17.261364,36.009907,26.240485999999997,18940,1.3789383,,9.89813,18.360844,-167.25522
947,945.9248,17.261364,,0.19,0.99781096,9.51582,948,0.958,8.518444,1.3833746,22713.67572379112,9.8231125,8.508439,13.703154999999999,9.358413146061126,,0.11,0.9999968000000001,17.261364,36.02212,26.259552000000003,18960,1.3782139,,9.896675,14.602239,-167.06305
948,946.93396,17.261364,,0.19,0.99782294,9.514764999999999,949,0.958,8.505498,1.3828166000000002,22749.2431204319,9.822231,8.508511,13.706316000000001,9.34167164020807,,0.11,0.9999968000000001,17.261364,36.034420000000004,26.278595000000003,18980,1.3796749,,9.895209,16.704489000000002,-166.86908
949,947.9418,17.261364,,0.19,0.99783343,9.513712,950,0.958,8.522407000000001,1.3822589,22784.065759420395,9.821363,8.508594500000001,13.710797,9.356620671289683,,0.11,0.9999968000000001,17.261364,36.046658,26.297632,19000,1.3776975,,9.8937645,17.967949,-166.67416
950,948.9488,17.261364,,0.19,0.9978431000000001,9.51266,951,0.958,8.523753999999998,1.381704,22822.0725004673,9.82049,8.50867,13.711288,9.359706096390665,,0.11,0.9999968000000001,17.261364,36.058865000000004,26.316658,19020,1.3763264,,9.8923235,14.179522500000001,-166.48366000000001
951,949.87683,17.261364,,0.19,0.9977698,9.511609,952,0.958,8.585281,1.3811507,22861.13476204872,9.819003,8.508125999999999,13.708241000000001,9.430659398322645,,0.11,0.9999968000000001,17.261364,36.068157,26.335608,19040,1.2969625,,9.89095,10.812341,-166.29713
952,950.8602,17.261364,,0.19,0.9977546999999999,9.510558999999999,953,0.958,8.570513,1.3805976,22897.90566778183,9.81799,8.508059,13.709045000000001,9.41210371334909,,0.11,0.9999968000000001,17.261364,36.07948,26.354599,19060,1.3515979999999999,,9.889565,14.474685000000001,-166.10715
953,951.8704,17.261364,,0.19,0.99776775,9.50951,954,0.958,8.489321,1.3800473,22940.165457487103,9.817103999999999,8.508116000000001,13.709003,9.327651625356571,,0.11,0.9999968000000001,17.261364,36.091815999999994,26.37358,19080,1.3777697,,9.888097,13.673948999999999,-165.91836999999998
954,952.8247,17.261364,,0.19,0.9977222,9.508463,955,0.958,8.585997,1.3794986,22979.84434986114,9.815858,8.507809,13.713167000000002,9.429435511067078,,0.11,0.9999968000000001,17.261364,36.10207,26.392522999999997,19100,1.3214712,,9.886733,17.687803,-165.72581
955,953.8290400000001,17.261364,,0.19,0.9977290999999999,9.507416000000001,956,0.958,8.534908,1.3789513999999998,23021.076070547104,9.814991000000001,8.50788,13.71381,9.374787449941383,,0.11,0.9999968000000001,17.261364,36.11419,26.411476,19120,1.3708076,,9.88532,14.329664999999999,-165.53714
956,954.8318,17.261364,,0.19,0.99773437,9.506371000000001,957,0.958,8.542444,1.3784045,23063.908280611042,9.814119999999999,8.507946,13.712645000000002,9.37932757440857,,0.11,0.9999968000000001,17.261364,36.126247,26.430418,19140,1.3687307,,9.883917,12.599148,-165.35068
957,955.84186,17.261364,,0.19,0.99774724,9.505326,958,0.958,8.491584,1.3778603,23103.98696327209,9.813245,8.508005,13.709017000000001,9.325819370403694,,0.11,0.9999968000000001,17.261364,36.138588,26.449340000000003,19160,1.3755589,,9.8824625,10.242063,-165.16705
958,956.85095,17.261364,,0.19,0.9977591,9.504283000000001,959,0.958,8.509233,1.3773178,23141.258488416668,9.812387,8.5080805,13.715019,9.344863289001482,,0.11,0.9999968000000001,17.261364,36.150890000000004,26.468253999999998,19180,1.3741362,,9.88103,19.465904000000002,-164.9742
959,957.8499,17.261364,,0.19,0.99776036,9.503241000000001,960,0.958,8.549388,1.3767767,23176.87229704857,9.811499000000001,8.508122,13.713614000000002,9.389702682002506,,0.11,0.9999968000000001,17.261364,36.162807,26.487156,19200,1.363358,,9.879644,12.370443,-164.78912
960,958.84735,17.261364,,0.19,0.9977600000000001,9.502199000000001,961,0.958,8.558794,1.3762372,23213.54824781418,9.810614,8.508166000000001,13.717201000000001,9.396274811841453,,0.11,0.9999968000000001,17.261364,36.17468,26.506037,19220,1.3614701999999999,,9.87827,17.161732,-164.59947
961,959.8323,17.261364,,0.19,0.99774665,9.50116,962,0.958,8.566915,1.3756992000000001,23247.778475284576,9.80963,8.508109,13.719079,9.411768613729175,,0.11,0.9999968000000001,17.261364,36.18608,26.524902,19240,1.3484528,,9.876906,15.52561,-164.41194
962,960.8309300000001,17.261364,,0.19,0.9977476000000001,9.500119999999999,963,0.958,8.549332000000001,1.3751627,23279.3201072216,9.808744,8.508148,13.718784,9.391406191837987,,0.11,0.9999968000000001,17.261364,36.197994,26.543762,19260,1.3614326,,9.875527,13.438486,-164.22693
963,961.8405,17.261364,,0.19,0.9977599,9.499083,964,0.958,8.491499000000001,1.3746277,23310.83838224411,9.807878,8.5082035,13.715520999999999,9.330468552905812,,0.11,0.9999968000000001,17.261364,36.210322999999995,26.562604999999998,19280,1.3720567,,9.874092,10.57541,-164.04526
964,962.8467,17.261364,,0.19,0.9977686,9.498046,965,0.958,8.528763,1.3740941999999998,23338.571172237404,9.807031,8.508278,13.719216000000001,9.367945511463796,,0.11,0.9999968000000001,17.261364,36.222515,26.581442,19300,1.3679358999999998,,9.872699,17.284860000000002,-163.85703
965,963.8539999999999,17.261364,,0.19,0.9977785,9.497010000000001,966,0.958,8.518355,1.3735623,23361.722172021866,9.806185000000001,8.50835,13.716736,9.354407926776029,,0.11,0.9999968000000001,17.261364,36.234764,26.600255999999998,19320,1.3687685,,9.871296000000001,11.325214,-163.67537
966,964.8634,17.261364,,0.19,0.9977905,9.4959755,967,0.958,8.501986,1.3730319,23387.310887336735,9.805336,8.508417999999999,13.721426000000001,9.339048843803957,,0.11,0.9999968000000001,17.261364,36.247085999999996,26.619062,19340,1.3702731000000001,,9.86988,18.253181,-163.4869
967,965.8696,17.261364,,0.19,0.9977992,9.494942,968,0.958,8.529686,1.372503,23407.621836900707,9.804499,8.508496000000001,13.724134,9.365543078774591,,0.11,0.9999968000000001,17.261364,36.259293,26.637852000000002,19360,1.3666476,,9.868496,16.3459,-163.3008
968,966.87994,17.261364,,0.19,0.9978120999999999,9.493909,969,0.958,8.490195,1.3719757,23429.126595735554,9.803644,8.508554,13.728589999999999,9.322879027038304,,0.11,0.9999968000000001,17.261364,36.27165,26.656631,19380,1.3701894,,9.867074,18.044712,-163.11333
969,967.88806,17.261364,,0.19,0.99782276,9.492878,970,0.958,8.516849,1.3714496999999999,23447.16240215301,9.802809,8.50863,13.73431,9.353524033935848,,0.11,0.9999968000000001,17.261364,36.283928,26.675394,19400,1.3674872,,9.865682000000001,19.278776,-162.92497
970,968.8628,17.261364,,0.19,0.997799,9.491847,971,0.958,8.574276,1.3709254,23470.45339083672,9.801763000000001,8.508492,13.73279,9.41694527159923,,0.11,0.9999968000000001,17.261364,36.294968,26.694136,19420,1.3336556999999998,,9.864351,12.259417,-162.74426
971,969.8712,17.261364,,0.19,0.9978099,9.490817999999999,972,0.958,8.514383,1.3704025,23490.978203535084,9.800930000000001,8.508567,13.736545999999999,9.349581900982605,,0.11,0.9999968000000001,17.261364,36.307255,26.712877000000002,19440,1.3667284,,9.862963,17.386118,-162.55861000000002
972,970.86957,17.261364,,0.19,0.9978104,9.48979,973,0.958,8.554739,1.3698812,23510.01539134979,9.800069,8.508612,13.738508,9.393287009309061,,0.11,0.9999968000000001,17.261364,36.319168,26.731602000000002,19460,1.3563058000000001,,9.861618,15.649238,-162.37514
973,971.8403300000001,17.261364,,0.19,0.9977826999999999,9.488763,974,0.958,8.578415,1.3693613000000002,23529.41563749313,9.798998,8.508444,13.738857999999999,9.420622532955258,,0.11,0.9999968000000001,17.261364,36.330063,26.750307,19480,1.3280749,,9.8603,14.082116000000001,-162.1937
974,972.8475300000001,17.261364,,0.19,0.99779236,9.487737,975,0.958,8.520569,1.3688416,23552.22579240799,9.798171,8.508517999999999,13.742566,9.359142939407855,,0.11,0.9999968000000001,17.261364,36.342316,26.769003,19500,1.3641111000000001,,9.858926,17.35647,-162.00922
975,973.8519,17.261364,,0.19,0.9977991,9.4867115,976,0.958,8.535221,1.3683248,23570.12978887558,9.79734,8.508587,13.745277999999999,9.375077448240043,,0.11,0.9999968000000001,17.261364,36.354458,26.78769,19520,1.3607718999999998,,9.857569999999999,16.392643,-161.82611
976,974.8575400000001,17.261364,,0.19,0.9978071,9.485686999999999,977,0.958,8.529228,1.3678093999999998,23587.940074920654,9.7965145,8.508658,13.747354999999999,9.368967445743246,,0.11,0.9999968000000001,17.261364,36.36665,26.806359999999998,19540,1.3613975,,9.856211,15.775637,-161.64401
977,975.8352,17.261364,,0.19,0.9977865,9.484664,978,0.958,8.576096000000001,1.3672955,23606.66122555733,9.795509,8.50855,13.750338000000001,9.418659153657384,,0.11,0.9999968000000001,17.261364,36.377804,26.825018,19560,1.3330784,,9.854901,16.666824,-161.4614
978,976.8368,17.261364,,0.19,0.9977904000000001,9.483642999999999,979,0.958,8.5458555,1.366782,23625.490700960163,9.794675,8.508609,13.748701,9.382812358544742,,0.11,0.9999968000000001,17.261364,36.389846999999996,26.843662,19580,1.3563370000000001,,9.853563000000001,12.151214,-161.28374
979,977.84326,17.261364,,0.19,0.9977992,9.482621,980,0.958,8.525019,1.366271,23642.503701210026,9.793856,8.508681,13.752657000000001,9.364659603715804,,0.11,0.9999968000000001,17.261364,36.402073,26.862296999999998,19600,1.3608341,,9.852208000000001,17.629070000000002,-161.10086
980,978.8495,17.261364,,0.19,0.99780786,9.481602,981,0.958,8.524063,1.3657616000000001,23657.843475818638,9.793034,8.50875,13.750136999999999,9.361410261051411,,0.11,0.9999968000000001,17.261364,36.414288,26.880919,19620,1.360079,,9.850855000000001,11.282029,-160.92481999999998
981,979.8562,17.261364,,0.19,0.9978169,9.480582,982,0.958,8.518486,1.3652525,23672.5050239563,9.792211,8.508815,13.746647,9.357327784025088,,0.11,0.9999968000000001,17.261364,36.426520000000004,26.899527000000003,19640,1.3600972,,9.849497999999999,10.323528999999999,-160.75011999999998
982,980.84973,17.261364,,0.19,0.99781257,9.479565,983,0.958,8.560559,1.3647448,23689.584481000897,9.791332,8.508823,13.747767999999999,9.401672806565148,,0.11,0.9999968000000001,17.261364,36.438274,26.918118,19660,1.3465316,,9.8481865,14.852697000000001,-160.5712
983,981.85156,17.261364,,0.19,0.9978165999999999,9.478548,984,0.958,8.542255,1.3642398999999998,23704.936072111133,9.790503999999999,8.508881,13.747344,9.382478624337294,,0.11,0.9999968000000001,17.261364,36.45033,26.936699,19680,1.3542702,,9.846859,13.332482,-160.39415
984,982.8599,17.261364,,0.19,0.99782735,9.477532,985,0.958,8.513422,1.3637351999999998,23718.703268766407,9.789693,8.508951,13.751315,9.349169288355187,,0.11,0.9999968000000001,17.261364,36.462627000000005,26.955269,19700,1.3602087,,9.845506,17.661185999999997,-160.21307
985,983.8711,17.261364,,0.19,0.9978408999999999,9.476517999999999,986,0.958,8.461622,1.3632319,23731.925135374066,9.788836,8.508975,13.752258,9.290159332914431,,0.11,0.9999968000000001,17.261364,36.47503,26.973825,19720,1.3625548,,9.844103,14.683239000000002,-160.03538999999998
986,984.8786,17.261364,,0.19,0.99785066,9.475503999999999,987,0.958,8.514793,1.3627315,23742.927793979645,9.788022999999999,8.509041999999999,13.754249,9.355178158866359,,0.11,0.9999968000000001,17.261364,36.487293,26.992372999999997,19740,1.3584211000000002,,9.842754,15.720248000000002,-159.857
987,985.8845,17.261364,,0.19,0.9978587999999999,9.474491,988,0.958,8.528152,1.3622313,23754.400135755543,9.787218,8.509114,13.757864000000001,9.36595718452685,,0.11,0.9999968000000001,17.261364,36.499508,27.010899,19760,1.3566254,,9.841425,17.328529999999997,-159.67735
988,986.8878,17.261364,,0.19,0.9978643,9.473479,989,0.958,8.532401,1.3617325,23765.802081346515,9.786398,8.50917,13.755172,9.375527950665797,,0.11,0.9999968000000001,17.261364,36.51162,27.029417,19780,1.3532954,,9.8401,11.098014,-159.50438
989,987.8955,17.261364,,0.19,0.99787426,9.472469,990,0.958,8.5163765,1.3612351,23775.82099699974,9.785591,8.509236999999999,13.758529000000001,9.354065146425292,,0.11,0.9999968000000001,17.261364,36.523888,27.047928000000002,19800,1.3571973999999998,,9.838763,17.079012,-159.3257
990,988.89825,17.261364,,0.19,0.99787915,9.471459,991,0.958,8.545817999999999,1.360738,23785.586390733723,9.784787,8.509305,13.764460999999999,9.383419665747534,,0.11,0.9999968000000001,17.261364,36.535984,27.06642,19820,1.3519707,,9.837458999999999,19.638907999999997,-159.1448
991,989.6853,17.261364,,0.19,0.99766666,9.47045,992,0.958,8.602921,1.3602438000000001,23795.524694919586,9.782213,8.50758,13.764879,9.448168722191195,,0.11,0.9999968000000001,17.261364,36.540737,27.084436,19840,1.135641,,9.836215,14.181683,-158.96993999999998
992,990.6925,17.261364,,0.19,0.99767625,9.469443,993,0.958,8.520546000000001,1.3597508999999999,23805.82574415207,9.781416,8.507651,13.768683,9.359865879162037,,0.11,0.9999968000000001,17.261364,36.553000000000004,27.102905,19860,1.3550918,,9.834889,17.545026999999997,-158.79189
993,991.7023,17.261364,,0.19,0.9976884,9.468437,994,0.958,8.496292,1.3592582,23815.833247184757,9.780611,8.507713,13.773285000000001,9.332211468113533,,0.11,0.9999968000000001,17.261364,36.56536,27.121359,19880,1.3570836000000002,,9.833542999999999,18.344587,-158.61337
994,992.71045,17.261364,,0.19,0.99769896,9.467431,995,0.958,8.515017,1.3587683000000002,23825.916472435,9.779819999999999,8.507788,13.780263,9.353140913948486,,0.11,0.9999968000000001,17.261364,36.577656,27.139805,19900,1.3551358,,9.832218,20.717705,-158.43282
995,993.6994,17.261364,,0.19,0.99769014,9.466427000000001,996,0.958,8.569351,1.3582785,23835.912619829174,9.778939,8.507769999999999,13.783446,9.409825793415251,,0.11,0.9999968000000001,17.261364,36.589252,27.158232,19920,1.3354961,,9.830950999999999,16.954975,-158.25645
996,994.70105,17.261364,,0.19,0.99769413,9.465424,997,0.958,8.5452175,1.3577903999999998,23845.02667784691,9.778136,8.507828,13.785379,9.385782180646453,,0.11,0.9999968000000001,17.261364,36.601307,27.176655,19940,1.3475773000000002,,9.82966,15.715112,-158.08165
997,995.6989,17.261364,,0.19,0.9976943000000001,9.46442,998,0.958,8.554246000000001,1.3573048,23854.70812010765,9.777313000000001,8.507864999999999,13.787451,9.395376647796693,,0.11,0.9999968000000001,17.261364,36.61323,27.195057000000002,19960,1.3434403,,9.8283825,15.856898000000001,-157.90706
998,996.70935,17.261364,,0.19,0.99770707,9.463419,999,0.958,8.471272,1.3568195,23863.519018650055,9.776489,8.507897999999999,13.783114999999999,9.306022476683877,,0.11,0.9999968000000001,17.261364,36.625617999999996,27.213448,19980,1.355552,,9.827024,9.456377999999999,-157.73924
